ISO_Year,WeekOfYear,Neighborhood,Predicted,Actual,Error,AE
2024,1,ABELL,2,1,1,1
2024,1,ALLENDALE,4,1,3,3
2024,1,ARCADIA,2,2,0,0
2024,1,ARLINGTON,2,4,-2,2
2024,1,ARMISTEAD GARDENS,3,2,1,1
2024,1,BALTIMORE HIGHLANDS,4,3,1,1
2024,1,BARCLAY,4,1,3,3
2024,1,BAYVIEW,2,2,0,0
2024,1,BEECHFIELD,3,6,-3,3
2024,1,BELAIR-EDISON,14,27,-13,13
2024,1,BEREA,3,2,1,1
2024,1,BETTER WAVERLY,5,6,-1,1
2024,1,BEVERLY HILLS,1,1,0,0
2024,1,BIDDLE STREET,2,2,0,0
2024,1,BOLTON HILL,4,4,0,0
2024,1,BOYD-BOOTH,2,3,-1,1
2024,1,BREWERS HILL,2,2,0,0
2024,1,BRIDGEVIEW/GREENLAWN,2,3,-1,1
2024,1,BROADWAY EAST,4,1,3,3
2024,1,BROENING MANOR,2,2,0,0
2024,1,BROOKLYN,10,19,-9,9
2024,1,CALLAWAY-GARRISON,2,5,-3,3
2024,1,CAMERON VILLAGE,2,4,-2,2
2024,1,CANTON,10,12,-2,2
2024,1,CANTON INDUSTRIAL AREA,6,11,-5,5
2024,1,CARE,3,3,0,0
2024,1,CARROLL - CAMDEN INDUSTRIAL AREA,4,4,0,0
2024,1,CARROLL-SOUTH HILTON,2,4,-2,2
2024,1,CARROLLTON RIDGE,3,12,-9,9
2024,1,CEDMONT,3,2,1,1
2024,1,CEDONIA,3,1,2,2
2024,1,CENTRAL FOREST PARK,2,1,1,1
2024,1,CENTRAL PARK HEIGHTS,7,12,-5,5
2024,1,CHARLES NORTH,3,1,2,2
2024,1,CHARLES VILLAGE,5,7,-2,2
2024,1,CHERRY HILL,9,10,-1,1
2024,1,CHESWOLDE,3,3,0,0
2024,1,COLDSPRING,1,1,0,0
2024,1,COLDSTREAM HOMESTEAD MONTEBELLO,7,5,2,2
2024,1,CONCERNED CITIZENS OF FOREST PARK,2,1,1,1
2024,1,COPPIN HEIGHTS/ASH-CO-EAST,2,5,-3,3
2024,1,CURTIS BAY,5,11,-6,6
2024,1,CYLBURN,2,1,1,1
2024,1,DARLEY PARK,2,4,-2,2
2024,1,DOLFIELD,2,5,-3,3
2024,1,DORCHESTER,2,2,0,0
2024,1,DOWNTOWN,26,24,2,2
2024,1,DRUID HEIGHTS,2,6,-4,4
2024,1,DUNBAR-BROADWAY,3,1,2,2
2024,1,EAST ARLINGTON,2,1,1,1
2024,1,EAST BALTIMORE MIDWAY,5,6,-1,1
2024,1,EASTERWOOD,2,4,-2,2
2024,1,EASTWOOD,1,1,0,0
2024,1,EDGEWOOD,2,4,-2,2
2024,1,EDMONDSON VILLAGE,3,2,1,1
2024,1,EDNOR GARDENS-LAKESIDE,4,7,-3,3
2024,1,ELLWOOD PARK/MONUMENT,3,8,-5,5
2024,1,EVERGREEN,1,1,0,0
2024,1,EVERGREEN LAWN,2,2,0,0
2024,1,FALLSTAFF,2,1,1,1
2024,1,FEDERAL HILL,5,6,-1,1
2024,1,FELLS POINT,7,11,-4,4
2024,1,FOREST PARK,2,3,-1,1
2024,1,FOREST PARK GOLF COURSE,1,1,0,0
2024,1,FOUR BY FOUR,2,3,-1,1
2024,1,FRANKFORD,16,18,-2,2
2024,1,FRANKLIN SQUARE,4,2,2,2
2024,1,FRANKLINTOWN,2,1,1,1
2024,1,FRANKLINTOWN ROAD,2,3,-1,1
2024,1,GAY STREET,4,5,-1,1
2024,1,GLEN,5,1,4,4
2024,1,GLEN OAKS,2,3,-1,1
2024,1,GRACELAND PARK,2,3,-1,1
2024,1,GREEKTOWN,4,10,-6,6
2024,1,GREENMOUNT WEST,3,2,1,1
2024,1,GREENSPRING,2,2,0,0
2024,1,GROVE PARK,2,1,1,1
2024,1,GUILFORD,2,1,1,1
2024,1,GWYNNS FALLS,2,2,0,0
2024,1,HAMILTON HILLS,7,9,-2,2
2024,1,HAMPDEN,8,10,-2,2
2024,1,HANLON-LONGWOOD,3,3,0,0
2024,1,HARLEM PARK,4,7,-3,3
2024,1,HARWOOD,2,1,1,1
2024,1,HERITAGE CROSSING,2,2,0,0
2024,1,HIGHLANDTOWN,4,4,0,0
2024,1,HOLABIRD INDUSTRIAL PARK,1,1,0,0
2024,1,HOLLINS MARKET,3,3,0,0
2024,1,HOMELAND,3,1,2,2
2024,1,HOWARD PARK,4,3,1,1
2024,1,IDLEWOOD,2,2,0,0
2024,1,INNER HARBOR,8,8,0,0
2024,1,IRVINGTON,4,6,-2,2
2024,1,JOHNSTON SQUARE,3,8,-5,5
2024,1,JONES FALLS AREA,1,1,0,0
2024,1,JONESTOWN,3,1,2,2
2024,1,LAKE EVESHAM,1,1,0,0
2024,1,LAKE WALKER,2,1,1,1
2024,1,LAKELAND,5,5,0,0
2024,1,LEVINDALE,2,1,1,1
2024,1,LIBERTY SQUARE,2,1,1,1
2024,1,LITTLE ITALY,2,2,0,0
2024,1,LOCH RAVEN,3,3,0,0
2024,1,LOCUST POINT,2,1,1,1
2024,1,MADISON PARK,3,4,-1,1
2024,1,MADISON-EASTEND,3,3,0,0
2024,1,MCELDERRY PARK,5,6,-1,1
2024,1,MEDFIELD,2,1,1,1
2024,1,MID-TOWN BELVEDERE,6,4,2,2
2024,1,MIDDLE EAST,3,1,2,2
2024,1,MIDTOWN-EDMONDSON,2,2,0,0
2024,1,MILLHILL,3,3,0,0
2024,1,MILTON-MONTFORD,1,2,-1,1
2024,1,MONDAWMIN,9,5,4,4
2024,1,MORRELL PARK,5,3,2,2
2024,1,MOUNT HOLLY,2,6,-4,4
2024,1,MOUNT VERNON,5,3,2,2
2024,1,NEW NORTHWOOD,4,4,0,0
2024,1,NORTH HARFORD ROAD,4,8,-4,4
2024,1,NORTHWEST COMMUNITY ACTION,2,2,0,0
2024,1,O'DONNELL HEIGHTS,2,2,0,0
2024,1,OAKENSHAWE,1,2,-1,1
2024,1,OAKLEE,1,1,0,0
2024,1,OLDTOWN,5,9,-4,4
2024,1,OLIVER,5,6,-1,1
2024,1,ORANGEVILLE INDUSTRIAL AREA,1,1,0,0
2024,1,ORIGINAL NORTHWOOD,2,3,-1,1
2024,1,OTTERBEIN,2,3,-1,1
2024,1,OVERLEA,1,3,-2,2
2024,1,PANWAY/BRADDISH AVENUE,2,1,1,1
2024,1,PARK CIRCLE,3,4,-1,1
2024,1,PARKLANE,2,1,1,1
2024,1,PATTERSON PLACE,2,1,1,1
2024,1,PEN LUCY,2,3,-1,1
2024,1,PENN NORTH,3,5,-2,2
2024,1,PENN-FALLSWAY,2,3,-1,1
2024,1,PENROSE/FAYETTE STREET OUTREACH,5,9,-4,4
2024,1,PERRING LOCH,3,4,-1,1
2024,1,PLEASANT VIEW GARDENS,1,3,-2,2
2024,1,POPPLETON,3,1,2,2
2024,1,PULASKI INDUSTRIAL AREA,4,3,1,1
2024,1,REISTERSTOWN STATION,5,3,2,2
2024,1,RESERVOIR HILL,4,3,1,1
2024,1,RICHNOR SPRINGS,1,1,0,0
2024,1,RIVERSIDE,4,4,0,0
2024,1,ROGNEL HEIGHTS,2,1,1,1
2024,1,ROSEBANK,2,2,0,0
2024,1,ROSEMONT EAST,2,10,-8,8
2024,1,ROSEMONT HOMEOWNERS/TENANTS,3,3,0,0
2024,1,SAINT AGNES,2,2,0,0
2024,1,SAINT HELENA,1,1,0,0
2024,1,SAINT PAUL,1,1,0,0
2024,1,SANDTOWN-WINCHESTER,8,10,-2,2
2024,1,SETON HILL,3,1,2,2
2024,1,SHARP-LEADENHALL,2,2,0,0
2024,1,SHIPLEY HILL,2,3,-1,1
2024,1,SOUTH BALTIMORE,3,1,2,2
2024,1,SOUTH CLIFTON PARK,2,1,1,1
2024,1,STONEWOOD-PENTWOOD-WINSTON,1,1,0,0
2024,1,TEN HILLS,1,2,-1,1
2024,1,UNION SQUARE,2,1,1,1
2024,1,UNIVERSITY OF MARYLAND,3,1,2,2
2024,1,UPLANDS,2,3,-1,1
2024,1,UPPER FELLS POINT,4,1,3,3
2024,1,UPTON,9,9,0,0
2024,1,VIOLETVILLE,4,3,1,1
2024,1,WAKEFIELD,2,2,0,0
2024,1,WALBROOK,3,4,-1,1
2024,1,WALTHERSON,5,6,-1,1
2024,1,WASHINGTON HILL,4,3,1,1
2024,1,WASHINGTON VILLAGE/PIGTOWN,7,11,-4,4
2024,1,WAVERLY,2,2,0,0
2024,1,WEST FOREST PARK,2,4,-2,2
2024,1,WEST HILLS,2,2,0,0
2024,1,WESTFIELD,3,7,-4,4
2024,1,WESTPORT,2,1,1,1
2024,1,WILHELM PARK,2,3,-1,1
2024,1,WILSON PARK,2,1,1,1
2024,1,WOODBERRY,2,2,0,0
2024,1,WOODBOURNE HEIGHTS,2,4,-2,2
2024,1,WOODBOURNE-MCCABE,2,3,-1,1
2024,1,WOODMERE,3,2,1,1
2024,1,YALE HEIGHTS,3,2,1,1
2024,2,ABELL,2,1,1,1
2024,2,ALLENDALE,4,6,-2,2
2024,2,ARCADIA,2,1,1,1
2024,2,ARLINGTON,2,2,0,0
2024,2,ARMISTEAD GARDENS,4,4,0,0
2024,2,ASHBURTON,3,2,1,1
2024,2,BALTIMORE HIGHLANDS,5,7,-2,2
2024,2,BARCLAY,4,4,0,0
2024,2,BARRE CIRCLE,1,2,-1,1
2024,2,BAYVIEW,2,4,-2,2
2024,2,BELAIR-EDISON,14,15,-1,1
2024,2,BELVEDERE,1,3,-2,2
2024,2,BEREA,4,2,2,2
2024,2,BETTER WAVERLY,5,5,0,0
2024,2,BOLTON HILL,4,2,2,2
2024,2,BOYD-BOOTH,2,1,1,1
2024,2,BREWERS HILL,2,2,0,0
2024,2,BRIDGEVIEW/GREENLAWN,2,2,0,0
2024,2,BROADWAY EAST,4,9,-5,5
2024,2,BROENING MANOR,2,4,-2,2
2024,2,BROOKLYN,11,13,-2,2
2024,2,CALLAWAY-GARRISON,2,4,-2,2
2024,2,CANTON,10,16,-6,6
2024,2,CANTON INDUSTRIAL AREA,6,8,-2,2
2024,2,CARE,3,1,2,2
2024,2,CARROLL - CAMDEN INDUSTRIAL AREA,4,7,-3,3
2024,2,CARROLL-SOUTH HILTON,2,1,1,1
2024,2,CARROLLTON RIDGE,4,5,-1,1
2024,2,CEDMONT,3,1,2,2
2024,2,CEDONIA,3,3,0,0
2024,2,CENTRAL FOREST PARK,2,2,0,0
2024,2,CENTRAL PARK HEIGHTS,7,4,3,3
2024,2,CHARLES NORTH,3,4,-1,1
2024,2,CHARLES VILLAGE,4,3,1,1
2024,2,CHERRY HILL,8,4,4,4
2024,2,CHESWOLDE,3,1,2,2
2024,2,COLDSTREAM HOMESTEAD MONTEBELLO,8,7,1,1
2024,2,CONCERNED CITIZENS OF FOREST PARK,1,1,0,0
2024,2,COPPIN HEIGHTS/ASH-CO-EAST,3,4,-1,1
2024,2,CROSS COUNTRY,2,1,1,1
2024,2,CROSS KEYS,1,1,0,0
2024,2,CURTIS BAY,5,7,-2,2
2024,2,CYLBURN,2,2,0,0
2024,2,DARLEY PARK,2,1,1,1
2024,2,DORCHESTER,2,1,1,1
2024,2,DOWNTOWN,26,32,-6,6
2024,2,DOWNTOWN WEST,2,2,0,0
2024,2,DRUID HEIGHTS,2,1,1,1
2024,2,DUNBAR-BROADWAY,3,5,-2,2
2024,2,EAST ARLINGTON,2,1,1,1
2024,2,EAST BALTIMORE MIDWAY,4,7,-3,3
2024,2,EASTERWOOD,2,1,1,1
2024,2,EASTWOOD,1,1,0,0
2024,2,EDGEWOOD,2,1,1,1
2024,2,EDMONDSON VILLAGE,3,7,-4,4
2024,2,EDNOR GARDENS-LAKESIDE,4,4,0,0
2024,2,ELLWOOD PARK/MONUMENT,4,4,0,0
2024,2,FAIRFIELD AREA,2,2,0,0
2024,2,FALLSTAFF,2,3,-1,1
2024,2,FEDERAL HILL,4,6,-2,2
2024,2,FELLS POINT,7,7,0,0
2024,2,FOUR BY FOUR,2,1,1,1
2024,2,FRANKFORD,16,14,2,2
2024,2,FRANKLIN SQUARE,4,4,0,0
2024,2,FRANKLINTOWN,2,3,-1,1
2024,2,FRANKLINTOWN ROAD,2,2,0,0
2024,2,GAY STREET,4,5,-1,1
2024,2,GLEN,4,6,-2,2
2024,2,GLEN OAKS,3,6,-3,3
2024,2,GRACELAND PARK,2,4,-2,2
2024,2,GREEKTOWN,4,2,2,2
2024,2,GREENMOUNT WEST,3,1,2,2
2024,2,GREENSPRING,3,3,0,0
2024,2,GROVE PARK,2,2,0,0
2024,2,GUILFORD,3,5,-2,2
2024,2,GWYNNS FALLS,2,1,1,1
2024,2,HAMILTON HILLS,7,14,-7,7
2024,2,HAMPDEN,8,13,-5,5
2024,2,HANLON-LONGWOOD,3,1,2,2
2024,2,HARWOOD,2,1,1,1
2024,2,HERITAGE CROSSING,2,1,1,1
2024,2,HIGHLANDTOWN,5,8,-3,3
2024,2,HILLEN,2,1,1,1
2024,2,HOES HEIGHTS,1,1,0,0
2024,2,HOLLINS MARKET,3,3,0,0
2024,2,HOWARD PARK,4,6,-2,2
2024,2,HUNTING RIDGE,2,1,1,1
2024,2,IDLEWOOD,2,1,1,1
2024,2,INNER HARBOR,8,14,-6,6
2024,2,IRVINGTON,4,3,1,1
2024,2,JOHNSTON SQUARE,3,3,0,0
2024,2,JONES FALLS AREA,2,1,1,1
2024,2,JONESTOWN,3,2,1,1
2024,2,KERNEWOOD,1,1,0,0
2024,2,LAKE EVESHAM,1,2,-1,1
2024,2,LAKE WALKER,2,3,-1,1
2024,2,LAKELAND,5,4,1,1
2024,2,LANGSTON HUGHES,2,2,0,0
2024,2,LAURAVILLE,3,2,1,1
2024,2,LEVINDALE,2,1,1,1
2024,2,LIBERTY SQUARE,2,1,1,1
2024,2,LITTLE ITALY,2,2,0,0
2024,2,LOCH RAVEN,3,2,1,1
2024,2,LOCUST POINT INDUSTRIAL AREA,2,1,1,1
2024,2,MADISON PARK,2,6,-4,4
2024,2,MADISON-EASTEND,2,4,-2,2
2024,2,MCELDERRY PARK,5,7,-2,2
2024,2,MEDFIELD,1,2,-1,1
2024,2,MEDFORD,1,1,0,0
2024,2,MID-TOWN BELVEDERE,6,10,-4,4
2024,2,MIDDLE EAST,3,2,1,1
2024,2,MIDTOWN-EDMONDSON,2,1,1,1
2024,2,MILTON-MONTFORD,2,1,1,1
2024,2,MONDAWMIN,10,3,7,7
2024,2,MONTEBELLO,1,2,-1,1
2024,2,MORAVIA-WALTHER,1,2,-1,1
2024,2,MORGAN STATE UNIVERSITY,1,1,0,0
2024,2,MORRELL PARK,5,4,1,1
2024,2,MOUNT VERNON,6,5,1,1
2024,2,NEW NORTHWOOD,4,6,-2,2
2024,2,NORTH HARFORD ROAD,3,3,0,0
2024,2,NORTH ROLAND PARK/POPLAR HILL,1,1,0,0
2024,2,NORTHWEST COMMUNITY ACTION,2,2,0,0
2024,2,O'DONNELL HEIGHTS,2,3,-1,1
2024,2,OAKENSHAWE,2,1,1,1
2024,2,OLD GOUCHER,3,1,2,2
2024,2,OLDTOWN,5,7,-2,2
2024,2,OLIVER,5,8,-3,3
2024,2,ORANGEVILLE,2,1,1,1
2024,2,ORCHARD RIDGE,2,3,-1,1
2024,2,OTTERBEIN,2,2,0,0
2024,2,OVERLEA,1,2,-1,1
2024,2,PANWAY/BRADDISH AVENUE,2,2,0,0
2024,2,PARK CIRCLE,3,3,0,0
2024,2,PARKLANE,2,1,1,1
2024,2,PARKSIDE,2,1,1,1
2024,2,PATTERSON PLACE,2,2,0,0
2024,2,PEN LUCY,2,2,0,0
2024,2,PENN NORTH,3,4,-1,1
2024,2,PENN-FALLSWAY,2,2,0,0
2024,2,PENROSE/FAYETTE STREET OUTREACH,5,4,1,1
2024,2,PERRING LOCH,3,2,1,1
2024,2,PIMLICO GOOD NEIGHBORS,2,1,1,1
2024,2,POPPLETON,3,5,-2,2
2024,2,PULASKI INDUSTRIAL AREA,4,1,3,3
2024,2,RAMBLEWOOD,2,1,1,1
2024,2,REISTERSTOWN STATION,5,5,0,0
2024,2,REMINGTON,2,1,1,1
2024,2,RESERVOIR HILL,4,9,-5,5
2024,2,ROGNEL HEIGHTS,2,6,-4,4
2024,2,ROSEBANK,2,1,1,1
2024,2,ROSEMONT,4,3,1,1
2024,2,ROSEMONT EAST,2,1,1,1
2024,2,SABINA-MATTFELDT,1,1,0,0
2024,2,SAINT JOSEPHS,2,3,-1,1
2024,2,SANDTOWN-WINCHESTER,8,9,-1,1
2024,2,SETON BUSINESS PARK,2,1,1,1
2024,2,SETON HILL,3,1,2,2
2024,2,SHARP-LEADENHALL,2,2,0,0
2024,2,SOUTH BALTIMORE,3,6,-3,3
2024,2,SOUTH CLIFTON PARK,2,1,1,1
2024,2,STONEWOOD-PENTWOOD-WINSTON,2,1,1,1
2024,2,TEN HILLS,2,2,0,0
2024,2,TOWANDA-GRANTLEY,2,1,1,1
2024,2,TUSCANY-CANTERBURY,1,1,0,0
2024,2,UNION SQUARE,2,1,1,1
2024,2,UNIVERSITY OF MARYLAND,3,3,0,0
2024,2,UPPER FELLS POINT,4,8,-4,4
2024,2,UPTON,11,7,4,4
2024,2,VIOLETVILLE,4,7,-3,3
2024,2,WAKEFIELD,2,2,0,0
2024,2,WALBROOK,3,3,0,0
2024,2,WALTHERSON,5,10,-5,5
2024,2,WASHINGTON HILL,4,10,-6,6
2024,2,WASHINGTON VILLAGE/PIGTOWN,7,8,-1,1
2024,2,WAVERLY,2,1,1,1
2024,2,WEST ARLINGTON,2,1,1,1
2024,2,WESTFIELD,3,6,-3,3
2024,2,WESTGATE,2,4,-2,2
2024,2,WOODBOURNE HEIGHTS,2,2,0,0
2024,2,WOODBOURNE-MCCABE,2,1,1,1
2024,2,WOODMERE,3,7,-4,4
2024,2,WYMAN PARK,1,2,-1,1
2024,2,WYNDHURST,1,1,0,0
2024,2,YALE HEIGHTS,2,2,0,0
2024,2,YORK-HOMELAND,1,1,0,0
2024,3,ABELL,2,4,-2,2
2024,3,ALLENDALE,4,3,1,1
2024,3,ARMISTEAD GARDENS,4,1,3,3
2024,3,ASHBURTON,2,4,-2,2
2024,3,BALTIMORE HIGHLANDS,5,1,4,4
2024,3,BARCLAY,4,8,-4,4
2024,3,BAYVIEW,2,8,-6,6
2024,3,BEECHFIELD,2,5,-3,3
2024,3,BELAIR-EDISON,14,13,1,1
2024,3,BELVEDERE,1,2,-1,1
2024,3,BEREA,4,4,0,0
2024,3,BETTER WAVERLY,5,7,-2,2
2024,3,BIDDLE STREET,2,1,1,1
2024,3,BOLTON HILL,4,5,-1,1
2024,3,BREWERS HILL,2,1,1,1
2024,3,BROADWAY EAST,4,3,1,1
2024,3,BROENING MANOR,2,2,0,0
2024,3,BROOKLYN,12,15,-3,3
2024,3,CALLAWAY-GARRISON,2,4,-2,2
2024,3,CAMERON VILLAGE,2,2,0,0
2024,3,CANTON,9,9,0,0
2024,3,CANTON INDUSTRIAL AREA,6,7,-1,1
2024,3,CARE,3,4,-1,1
2024,3,CARROLL - CAMDEN INDUSTRIAL AREA,4,2,2,2
2024,3,CARROLL-SOUTH HILTON,2,2,0,0
2024,3,CARROLLTON RIDGE,4,4,0,0
2024,3,CEDARCROFT,1,3,-2,2
2024,3,CEDMONT,3,3,0,0
2024,3,CEDONIA,3,1,2,2
2024,3,CENTRAL PARK HEIGHTS,7,2,5,5
2024,3,CHARLES NORTH,3,1,2,2
2024,3,CHARLES VILLAGE,4,4,0,0
2024,3,CHERRY HILL,7,9,-2,2
2024,3,CHESWOLDE,3,1,2,2
2024,3,CLIFTON PARK,1,1,0,0
2024,3,COLDSTREAM HOMESTEAD MONTEBELLO,8,4,4,4
2024,3,CONCERNED CITIZENS OF FOREST PARK,1,1,0,0
2024,3,COPPIN HEIGHTS/ASH-CO-EAST,2,3,-1,1
2024,3,CROSS COUNTRY,2,3,-1,1
2024,3,CURTIS BAY,5,8,-3,3
2024,3,CYLBURN,2,1,1,1
2024,3,DOLFIELD,2,1,1,1
2024,3,DOWNTOWN,25,32,-7,7
2024,3,DOWNTOWN WEST,2,4,-2,2
2024,3,DRUID HEIGHTS,2,3,-1,1
2024,3,DUNBAR-BROADWAY,3,5,-2,2
2024,3,EAST BALTIMORE MIDWAY,4,4,0,0
2024,3,EASTERWOOD,2,1,1,1
2024,3,EDMONDSON VILLAGE,3,1,2,2
2024,3,EDNOR GARDENS-LAKESIDE,4,7,-3,3
2024,3,ELLWOOD PARK/MONUMENT,4,4,0,0
2024,3,EVERGREEN,1,1,0,0
2024,3,EVERGREEN LAWN,1,1,0,0
2024,3,FALLSTAFF,2,3,-1,1
2024,3,FEDERAL HILL,4,4,0,0
2024,3,FELLS POINT,7,8,-1,1
2024,3,FOUR BY FOUR,2,1,1,1
2024,3,FRANKFORD,16,14,2,2
2024,3,FRANKLIN SQUARE,4,2,2,2
2024,3,FRANKLINTOWN,2,1,1,1
2024,3,GAY STREET,4,4,0,0
2024,3,GLEN,4,2,2,2
2024,3,GLEN OAKS,3,1,2,2
2024,3,GRACELAND PARK,2,1,1,1
2024,3,GREEKTOWN,4,1,3,3
2024,3,GREENMOUNT WEST,3,3,0,0
2024,3,GREENSPRING,3,1,2,2
2024,3,GUILFORD,3,1,2,2
2024,3,GWYNNS FALLS,2,1,1,1
2024,3,HAMILTON HILLS,7,6,1,1
2024,3,HAMPDEN,8,11,-3,3
2024,3,HANLON-LONGWOOD,3,3,0,0
2024,3,HARLEM PARK,5,8,-3,3
2024,3,HARWOOD,2,1,1,1
2024,3,HERITAGE CROSSING,2,1,1,1
2024,3,HIGHLANDTOWN,4,2,2,2
2024,3,HOMELAND,2,5,-3,3
2024,3,HOPKINS BAYVIEW,1,5,-4,4
2024,3,HOWARD PARK,4,4,0,0
2024,3,HUNTING RIDGE,2,2,0,0
2024,3,INNER HARBOR,8,21,-13,13
2024,3,IRVINGTON,4,4,0,0
2024,3,JOHNSTON SQUARE,3,3,0,0
2024,3,KRESSON,2,6,-4,4
2024,3,LAKE WALKER,2,1,1,1
2024,3,LAKELAND,5,4,1,1
2024,3,LANGSTON HUGHES,2,5,-3,3
2024,3,LEVINDALE,2,2,0,0
2024,3,LIBERTY SQUARE,2,3,-1,1
2024,3,LITTLE ITALY,2,1,1,1
2024,3,LOCH RAVEN,3,4,-1,1
2024,3,LOCUST POINT INDUSTRIAL AREA,2,3,-1,1
2024,3,LUCILLE PARK,2,1,1,1
2024,3,MADISON PARK,2,1,1,1
2024,3,MADISON-EASTEND,2,2,0,0
2024,3,MCELDERRY PARK,5,7,-2,2
2024,3,MEDFORD,1,1,0,0
2024,3,MID-GOVANS,2,1,1,1
2024,3,MID-TOWN BELVEDERE,6,5,1,1
2024,3,MIDDLE EAST,3,3,0,0
2024,3,MILLHILL,3,2,1,1
2024,3,MILTON-MONTFORD,1,2,-1,1
2024,3,MONDAWMIN,9,14,-5,5
2024,3,MONTEBELLO,1,1,0,0
2024,3,MORRELL PARK,5,6,-1,1
2024,3,MOSHER,2,3,-1,1
2024,3,MOUNT HOLLY,2,1,1,1
2024,3,MOUNT VERNON,6,10,-4,4
2024,3,MOUNT WASHINGTON,2,1,1,1
2024,3,NEW NORTHWOOD,4,4,0,0
2024,3,NORTH HARFORD ROAD,3,2,1,1
2024,3,NORTHWEST COMMUNITY ACTION,2,2,0,0
2024,3,O'DONNELL HEIGHTS,2,1,1,1
2024,3,OAKLEE,2,3,-1,1
2024,3,OLD GOUCHER,3,3,0,0
2024,3,OLDTOWN,5,11,-6,6
2024,3,OLIVER,5,6,-1,1
2024,3,ORANGEVILLE,2,1,1,1
2024,3,ORANGEVILLE INDUSTRIAL AREA,1,1,0,0
2024,3,OTTERBEIN,2,3,-1,1
2024,3,PARKLANE,2,2,0,0
2024,3,PARKSIDE,2,1,1,1
2024,3,PATTERSON PLACE,2,4,-2,2
2024,3,PEN LUCY,2,2,0,0
2024,3,PENN NORTH,4,3,1,1
2024,3,PENN-FALLSWAY,2,2,0,0
2024,3,PENROSE/FAYETTE STREET OUTREACH,5,4,1,1
2024,3,PERRING LOCH,3,1,2,2
2024,3,POPPLETON,3,1,2,2
2024,3,PULASKI INDUSTRIAL AREA,5,2,3,3
2024,3,RAMBLEWOOD,2,1,1,1
2024,3,REISTERSTOWN STATION,4,4,0,0
2024,3,REMINGTON,2,3,-1,1
2024,3,RESERVOIR HILL,4,4,0,0
2024,3,RICHNOR SPRINGS,1,1,0,0
2024,3,RIDGELY'S DELIGHT,1,1,0,0
2024,3,RIVERSIDE,4,1,3,3
2024,3,ROGNEL HEIGHTS,2,1,1,1
2024,3,ROLAND PARK,2,1,1,1
2024,3,SAINT AGNES,2,1,1,1
2024,3,SAINT JOSEPHS,2,2,0,0
2024,3,SANDTOWN-WINCHESTER,9,8,1,1
2024,3,SETON BUSINESS PARK,2,1,1,1
2024,3,SETON HILL,3,2,1,1
2024,3,SHARP-LEADENHALL,2,1,1,1
2024,3,SHIPLEY HILL,2,4,-2,2
2024,3,SOUTH CLIFTON PARK,2,4,-2,2
2024,3,TOWANDA-GRANTLEY,2,1,1,1
2024,3,TUSCANY-CANTERBURY,1,1,0,0
2024,3,UNION SQUARE,2,1,1,1
2024,3,UNIVERSITY OF MARYLAND,3,1,2,2
2024,3,UPPER FELLS POINT,4,4,0,0
2024,3,UPTON,10,7,3,3
2024,3,VIOLETVILLE,4,3,1,1
2024,3,WAKEFIELD,2,1,1,1
2024,3,WALTHERSON,4,1,3,3
2024,3,WASHINGTON HILL,4,3,1,1
2024,3,WASHINGTON VILLAGE/PIGTOWN,7,5,2,2
2024,3,WAVERLY,2,4,-2,2
2024,3,WEST FOREST PARK,3,3,0,0
2024,3,WESTFIELD,3,2,1,1
2024,3,WESTGATE,2,1,1,1
2024,3,WINSTON-GOVANS,2,2,0,0
2024,3,WOODMERE,3,2,1,1
2024,3,WYNDHURST,1,1,0,0
2024,4,ABELL,2,2,0,0
2024,4,ALLENDALE,4,3,1,1
2024,4,ARLINGTON,2,3,-1,1
2024,4,ARMISTEAD GARDENS,4,2,2,2
2024,4,BALTIMORE HIGHLANDS,4,2,2,2
2024,4,BARCLAY,4,4,0,0
2024,4,BARRE CIRCLE,1,2,-1,1
2024,4,BAYVIEW,2,2,0,0
2024,4,BEECHFIELD,2,1,1,1
2024,4,BELAIR-EDISON,14,9,5,5
2024,4,BELVEDERE,1,1,0,0
2024,4,BEREA,4,3,1,1
2024,4,BETTER WAVERLY,5,4,1,1
2024,4,BIDDLE STREET,2,2,0,0
2024,4,BOLTON HILL,4,4,0,0
2024,4,BREWERS HILL,2,1,1,1
2024,4,BRIDGEVIEW/GREENLAWN,2,3,-1,1
2024,4,BROADWAY EAST,4,3,1,1
2024,4,BROENING MANOR,2,1,1,1
2024,4,BROOKLYN,12,15,-3,3
2024,4,CALLAWAY-GARRISON,2,4,-2,2
2024,4,CAMERON VILLAGE,2,1,1,1
2024,4,CANTON,8,22,-14,14
2024,4,CANTON INDUSTRIAL AREA,6,9,-3,3
2024,4,CARE,3,4,-1,1
2024,4,CARROLL - CAMDEN INDUSTRIAL AREA,3,4,-1,1
2024,4,CARROLL-SOUTH HILTON,2,3,-1,1
2024,4,CARROLLTON RIDGE,4,4,0,0
2024,4,CEDARCROFT,1,1,0,0
2024,4,CEDMONT,3,3,0,0
2024,4,CENTRAL FOREST PARK,2,6,-4,4
2024,4,CENTRAL PARK HEIGHTS,7,8,-1,1
2024,4,CHARLES NORTH,3,4,-1,1
2024,4,CHARLES VILLAGE,4,3,1,1
2024,4,CHERRY HILL,7,8,-1,1
2024,4,CHESWOLDE,3,3,0,0
2024,4,COLDSTREAM HOMESTEAD MONTEBELLO,9,2,7,7
2024,4,COPPIN HEIGHTS/ASH-CO-EAST,2,4,-2,2
2024,4,CROSS COUNTRY,2,1,1,1
2024,4,CURTIS BAY,5,13,-8,8
2024,4,CURTIS BAY INDUSTRIAL AREA,1,1,0,0
2024,4,CYLBURN,2,2,0,0
2024,4,DOLFIELD,3,2,1,1
2024,4,DORCHESTER,2,3,-1,1
2024,4,DOWNTOWN,25,20,5,5
2024,4,DOWNTOWN WEST,2,8,-6,6
2024,4,DRUID HEIGHTS,2,1,1,1
2024,4,DUNBAR-BROADWAY,3,6,-3,3
2024,4,EAST BALTIMORE MIDWAY,4,6,-2,2
2024,4,EASTERWOOD,3,12,-9,9
2024,4,EDGEWOOD,2,2,0,0
2024,4,EDMONDSON VILLAGE,3,2,1,1
2024,4,EDNOR GARDENS-LAKESIDE,4,5,-1,1
2024,4,ELLWOOD PARK/MONUMENT,4,2,2,2
2024,4,EVERGREEN LAWN,1,2,-1,1
2024,4,EVESHAM PARK,1,2,-1,1
2024,4,FAIRFIELD AREA,2,1,1,1
2024,4,FALLSTAFF,2,6,-4,4
2024,4,FEDERAL HILL,4,4,0,0
2024,4,FELLS POINT,7,5,2,2
2024,4,FOREST PARK,2,1,1,1
2024,4,FRANKFORD,15,25,-10,10
2024,4,FRANKLIN SQUARE,4,13,-9,9
2024,4,FRANKLINTOWN,2,1,1,1
2024,4,FRANKLINTOWN ROAD,2,1,1,1
2024,4,GARWYN OAKS,1,2,-1,1
2024,4,GAY STREET,4,8,-4,4
2024,4,GLEN,4,2,2,2
2024,4,GLEN OAKS,3,2,1,1
2024,4,GRACELAND PARK,2,2,0,0
2024,4,GREEKTOWN,4,7,-3,3
2024,4,GREENMOUNT WEST,3,1,2,2
2024,4,GREENSPRING,3,4,-1,1
2024,4,GROVE PARK,2,1,1,1
2024,4,GUILFORD,3,1,2,2
2024,4,GWYNNS FALLS,2,2,0,0
2024,4,HAMILTON HILLS,7,4,3,3
2024,4,HAMPDEN,8,19,-11,11
2024,4,HANLON-LONGWOOD,3,4,-1,1
2024,4,HARLEM PARK,5,4,1,1
2024,4,HIGHLANDTOWN,4,5,-1,1
2024,4,HILLEN,2,2,0,0
2024,4,HOLLINS MARKET,3,1,2,2
2024,4,HOPKINS BAYVIEW,1,1,0,0
2024,4,HOWARD PARK,4,7,-3,3
2024,4,IDLEWOOD,2,1,1,1
2024,4,INNER HARBOR,7,9,-2,2
2024,4,IRVINGTON,4,8,-4,4
2024,4,JOHNS HOPKINS HOMEWOOD,2,1,1,1
2024,4,JOHNSTON SQUARE,3,4,-1,1
2024,4,JONESTOWN,3,3,0,0
2024,4,KENILWORTH PARK,1,1,0,0
2024,4,KERNEWOOD,1,1,0,0
2024,4,KRESSON,2,3,-1,1
2024,4,LAKELAND,5,7,-2,2
2024,4,LANGSTON HUGHES,2,2,0,0
2024,4,LAURAVILLE,3,3,0,0
2024,4,LEVINDALE,2,2,0,0
2024,4,LIBERTY SQUARE,2,2,0,0
2024,4,LITTLE ITALY,2,1,1,1
2024,4,LOCUST POINT,2,2,0,0
2024,4,LOCUST POINT INDUSTRIAL AREA,2,1,1,1
2024,4,LOYOLA/NOTRE DAME,1,1,0,0
2024,4,LUCILLE PARK,2,2,0,0
2024,4,MADISON PARK,2,1,1,1
2024,4,MADISON-EASTEND,2,4,-2,2
2024,4,MAYFIELD,1,1,0,0
2024,4,MCELDERRY PARK,4,8,-4,4
2024,4,MEDFIELD,2,1,1,1
2024,4,MEDFORD,1,1,0,0
2024,4,MID-TOWN BELVEDERE,5,8,-3,3
2024,4,MIDDLE EAST,2,4,-2,2
2024,4,MIDTOWN-EDMONDSON,2,2,0,0
2024,4,MILLHILL,3,8,-5,5
2024,4,MILTON-MONTFORD,1,2,-1,1
2024,4,MONDAWMIN,9,13,-4,4
2024,4,MORAVIA-WALTHER,1,1,0,0
2024,4,MORGAN PARK,1,1,0,0
2024,4,MORRELL PARK,5,2,3,3
2024,4,MOUNT HOLLY,2,1,1,1
2024,4,MOUNT VERNON,6,14,-8,8
2024,4,MOUNT WASHINGTON,2,1,1,1
2024,4,NORTH HARFORD ROAD,3,3,0,0
2024,4,NORTHWEST COMMUNITY ACTION,2,3,-1,1
2024,4,O'DONNELL HEIGHTS,2,2,0,0
2024,4,OAKENSHAWE,2,1,1,1
2024,4,OLD GOUCHER,3,3,0,0
2024,4,OLDTOWN,5,6,-1,1
2024,4,OLIVER,5,5,0,0
2024,4,ORANGEVILLE,2,1,1,1
2024,4,PANWAY/BRADDISH AVENUE,2,1,1,1
2024,4,PARK CIRCLE,3,3,0,0
2024,4,PARKLANE,2,1,1,1
2024,4,PARKSIDE,2,1,1,1
2024,4,PATTERSON PARK,7,1,6,6
2024,4,PATTERSON PLACE,2,5,-3,3
2024,4,PEN LUCY,2,3,-1,1
2024,4,PENN NORTH,4,5,-1,1
2024,4,PENN-FALLSWAY,2,4,-2,2
2024,4,PENROSE/FAYETTE STREET OUTREACH,5,3,2,2
2024,4,PERRING LOCH,3,2,1,1
2024,4,PIMLICO GOOD NEIGHBORS,2,1,1,1
2024,4,POPPLETON,3,3,0,0
2024,4,PULASKI INDUSTRIAL AREA,5,10,-5,5
2024,4,PURNELL,1,1,0,0
2024,4,RAMBLEWOOD,2,1,1,1
2024,4,REISTERSTOWN STATION,4,13,-9,9
2024,4,REMINGTON,2,1,1,1
2024,4,RESERVOIR HILL,4,6,-2,2
2024,4,RIDGELY'S DELIGHT,1,2,-1,1
2024,4,ROGNEL HEIGHTS,2,3,-1,1
2024,4,ROLAND PARK,2,1,1,1
2024,4,ROSEBANK,2,1,1,1
2024,4,ROSEMONT,4,2,2,2
2024,4,ROSEMONT EAST,2,1,1,1
2024,4,ROSEMONT HOMEOWNERS/TENANTS,3,1,2,2
2024,4,SAINT HELENA,1,1,0,0
2024,4,SAINT JOSEPHS,2,1,1,1
2024,4,SAINT PAUL,1,1,0,0
2024,4,SANDTOWN-WINCHESTER,9,4,5,5
2024,4,SETON BUSINESS PARK,2,1,1,1
2024,4,SETON HILL,3,1,2,2
2024,4,SHARP-LEADENHALL,2,1,1,1
2024,4,SHIPLEY HILL,2,7,-5,5
2024,4,SOUTH BALTIMORE,3,2,1,1
2024,4,SOUTH CLIFTON PARK,2,3,-1,1
2024,4,STONEWOOD-PENTWOOD-WINSTON,2,1,1,1
2024,4,TAYLOR HEIGHTS,1,1,0,0
2024,4,TEN HILLS,2,1,1,1
2024,4,TOWANDA-GRANTLEY,2,1,1,1
2024,4,TUSCANY-CANTERBURY,1,3,-2,2
2024,4,UNION SQUARE,2,3,-1,1
2024,4,UNIVERSITY OF MARYLAND,3,4,-1,1
2024,4,UPLANDS,2,2,0,0
2024,4,UPPER FELLS POINT,4,3,1,1
2024,4,UPTON,10,3,7,7
2024,4,VIOLETVILLE,4,4,0,0
2024,4,WAKEFIELD,2,1,1,1
2024,4,WALBROOK,3,4,-1,1
2024,4,WALTHERSON,4,3,1,1
2024,4,WASHINGTON HILL,4,7,-3,3
2024,4,WASHINGTON VILLAGE/PIGTOWN,7,11,-4,4
2024,4,WEST FOREST PARK,3,6,-3,3
2024,4,WESTFIELD,3,1,2,2
2024,4,WILSON PARK,1,1,0,0
2024,4,WINCHESTER,2,1,1,1
2024,4,WINDSOR HILLS,2,1,1,1
2024,4,WINSTON-GOVANS,2,2,0,0
2024,4,WOODBERRY,2,1,1,1
2024,4,WOODBOURNE-MCCABE,2,2,0,0
2024,4,WOODMERE,3,3,0,0
2024,4,WYMAN PARK,1,2,-1,1
2024,4,YALE HEIGHTS,2,4,-2,2
2024,5,ABELL,2,4,-2,2
2024,5,ALLENDALE,4,3,1,1
2024,5,ARLINGTON,2,3,-1,1
2024,5,ARMISTEAD GARDENS,4,1,3,3
2024,5,ASHBURTON,2,2,0,0
2024,5,BALTIMORE HIGHLANDS,4,2,2,2
2024,5,BARCLAY,4,2,2,2
2024,5,BARRE CIRCLE,1,1,0,0
2024,5,BAYVIEW,2,3,-1,1
2024,5,BEECHFIELD,2,2,0,0
2024,5,BELAIR-EDISON,15,17,-2,2
2024,5,BELVEDERE,1,2,-1,1
2024,5,BETTER WAVERLY,5,4,1,1
2024,5,BIDDLE STREET,2,1,1,1
2024,5,BOLTON HILL,4,3,1,1
2024,5,BOYD-BOOTH,2,1,1,1
2024,5,BREWERS HILL,2,4,-2,2
2024,5,BRIDGEVIEW/GREENLAWN,2,2,0,0
2024,5,BROADWAY EAST,4,5,-1,1
2024,5,BROENING MANOR,2,2,0,0
2024,5,BROOKLYN,13,21,-8,8
2024,5,CAMERON VILLAGE,2,1,1,1
2024,5,CANTON,8,9,-1,1
2024,5,CANTON INDUSTRIAL AREA,6,2,4,4
2024,5,CARE,3,6,-3,3
2024,5,CARROLL - CAMDEN INDUSTRIAL AREA,3,9,-6,6
2024,5,CARROLL-SOUTH HILTON,2,1,1,1
2024,5,CARROLLTON RIDGE,4,4,0,0
2024,5,CEDARCROFT,1,2,-1,1
2024,5,CEDMONT,3,3,0,0
2024,5,CENTRAL PARK HEIGHTS,7,8,-1,1
2024,5,CHARLES NORTH,3,1,2,2
2024,5,CHARLES VILLAGE,4,5,-1,1
2024,5,CHERRY HILL,6,10,-4,4
2024,5,CHESWOLDE,3,2,1,1
2024,5,CHINQUAPIN PARK,2,1,1,1
2024,5,CLIFTON PARK,1,3,-2,2
2024,5,COLDSTREAM HOMESTEAD MONTEBELLO,9,9,0,0
2024,5,CONCERNED CITIZENS OF FOREST PARK,1,4,-3,3
2024,5,COPPIN HEIGHTS/ASH-CO-EAST,2,4,-2,2
2024,5,CROSS COUNTRY,2,3,-1,1
2024,5,CURTIS BAY,5,6,-1,1
2024,5,CYLBURN,2,2,0,0
2024,5,DARLEY PARK,2,2,0,0
2024,5,DICKEYVILLE,1,1,0,0
2024,5,DOLFIELD,3,3,0,0
2024,5,DORCHESTER,2,2,0,0
2024,5,DOWNTOWN,24,28,-4,4
2024,5,DOWNTOWN WEST,2,4,-2,2
2024,5,DUNBAR-BROADWAY,3,5,-2,2
2024,5,EAST ARLINGTON,2,1,1,1
2024,5,EAST BALTIMORE MIDWAY,4,8,-4,4
2024,5,EASTERWOOD,3,4,-1,1
2024,5,EDGEWOOD,2,1,1,1
2024,5,EDMONDSON VILLAGE,3,6,-3,3
2024,5,EDNOR GARDENS-LAKESIDE,4,6,-2,2
2024,5,ELLWOOD PARK/MONUMENT,4,7,-3,3
2024,5,EVERGREEN LAWN,1,3,-2,2
2024,5,EVESHAM PARK,1,1,0,0
2024,5,FALLSTAFF,2,3,-1,1
2024,5,FEDERAL HILL,4,2,2,2
2024,5,FELLS POINT,7,11,-4,4
2024,5,FOREST PARK,2,5,-3,3
2024,5,FOUR BY FOUR,2,2,0,0
2024,5,FRANKFORD,14,16,-2,2
2024,5,FRANKLIN SQUARE,4,4,0,0
2024,5,FRANKLINTOWN,2,2,0,0
2024,5,FRANKLINTOWN ROAD,2,3,-1,1
2024,5,GARWYN OAKS,1,1,0,0
2024,5,GAY STREET,4,3,1,1
2024,5,GLEN,5,4,1,1
2024,5,GLEN OAKS,3,2,1,1
2024,5,GREEKTOWN,4,3,1,1
2024,5,GREENSPRING,3,6,-3,3
2024,5,GROVE PARK,2,2,0,0
2024,5,GWYNNS FALLS,2,3,-1,1
2024,5,HAMILTON HILLS,7,13,-6,6
2024,5,HAMPDEN,7,10,-3,3
2024,5,HANLON-LONGWOOD,3,4,-1,1
2024,5,HARLEM PARK,5,7,-2,2
2024,5,HARWOOD,2,3,-1,1
2024,5,HIGHLANDTOWN,4,6,-2,2
2024,5,HILLEN,2,2,0,0
2024,5,HOLLINS MARKET,3,3,0,0
2024,5,HOMELAND,2,2,0,0
2024,5,HOPKINS BAYVIEW,1,1,0,0
2024,5,HOWARD PARK,4,2,2,2
2024,5,IDLEWOOD,2,2,0,0
2024,5,INNER HARBOR,7,15,-8,8
2024,5,IRVINGTON,3,4,-1,1
2024,5,JOHNSTON SQUARE,3,3,0,0
2024,5,KENILWORTH PARK,1,2,-1,1
2024,5,KERNEWOOD,1,1,0,0
2024,5,KRESSON,1,3,-2,2
2024,5,LAKE WALKER,2,1,1,1
2024,5,LAKELAND,5,6,-1,1
2024,5,LAURAVILLE,3,1,2,2
2024,5,LEVINDALE,2,1,1,1
2024,5,LIBERTY SQUARE,2,1,1,1
2024,5,LOCH RAVEN,3,11,-8,8
2024,5,LUCILLE PARK,2,1,1,1
2024,5,MADISON PARK,2,1,1,1
2024,5,MADISON-EASTEND,2,1,1,1
2024,5,MCELDERRY PARK,4,9,-5,5
2024,5,MEDFORD,1,2,-1,1
2024,5,MID-GOVANS,2,1,1,1
2024,5,MID-TOWN BELVEDERE,5,5,0,0
2024,5,MIDDLE EAST,2,4,-2,2
2024,5,MIDTOWN-EDMONDSON,2,1,1,1
2024,5,MILLHILL,3,4,-1,1
2024,5,MONDAWMIN,9,9,0,0
2024,5,MORGAN PARK,1,1,0,0
2024,5,MORRELL PARK,5,8,-3,3
2024,5,MOUNT VERNON,6,12,-6,6
2024,5,MOUNT WASHINGTON,2,1,1,1
2024,5,MOUNT WINANS,1,2,-1,1
2024,5,NEW NORTHWOOD,4,8,-4,4
2024,5,NORTH HARFORD ROAD,3,4,-1,1
2024,5,NORTHWEST COMMUNITY ACTION,2,5,-3,3
2024,5,O'DONNELL HEIGHTS,2,1,1,1
2024,5,OAKENSHAWE,1,1,0,0
2024,5,OLD GOUCHER,3,3,0,0
2024,5,OLDTOWN,5,3,2,2
2024,5,OLIVER,5,5,0,0
2024,5,ORANGEVILLE INDUSTRIAL AREA,1,1,0,0
2024,5,ORIGINAL NORTHWOOD,2,1,1,1
2024,5,OTTERBEIN,2,6,-4,4
2024,5,OVERLEA,1,1,0,0
2024,5,PANWAY/BRADDISH AVENUE,1,2,-1,1
2024,5,PARK CIRCLE,3,3,0,0
2024,5,PARKLANE,2,4,-2,2
2024,5,PARKSIDE,2,3,-1,1
2024,5,PATTERSON PARK,7,1,6,6
2024,5,PATTERSON PLACE,2,3,-1,1
2024,5,PEN LUCY,2,1,1,1
2024,5,PENN NORTH,4,5,-1,1
2024,5,PENN-FALLSWAY,2,1,1,1
2024,5,PENROSE/FAYETTE STREET OUTREACH,5,5,0,0
2024,5,PERRING LOCH,3,2,1,1
2024,5,PIMLICO GOOD NEIGHBORS,2,2,0,0
2024,5,POPPLETON,3,2,1,1
2024,5,PULASKI INDUSTRIAL AREA,5,7,-2,2
2024,5,PURNELL,1,2,-1,1
2024,5,RADNOR-WINSTON,2,1,1,1
2024,5,RAMBLEWOOD,2,3,-1,1
2024,5,REISTERSTOWN STATION,4,7,-3,3
2024,5,REMINGTON,2,2,0,0
2024,5,RESERVOIR HILL,4,4,0,0
2024,5,RICHNOR SPRINGS,1,1,0,0
2024,5,RIDGELY'S DELIGHT,1,1,0,0
2024,5,RIVERSIDE,4,2,2,2
2024,5,ROGNEL HEIGHTS,2,2,0,0
2024,5,ROLAND PARK,2,1,1,1
2024,5,ROSEMONT,4,2,2,2
2024,5,ROSEMONT HOMEOWNERS/TENANTS,3,3,0,0
2024,5,SAINT HELENA,1,2,-1,1
2024,5,SAINT JOSEPHS,2,2,0,0
2024,5,SANDTOWN-WINCHESTER,9,10,-1,1
2024,5,SETON BUSINESS PARK,2,1,1,1
2024,5,SETON HILL,3,5,-2,2
2024,5,SHARP-LEADENHALL,2,1,1,1
2024,5,SOUTH BALTIMORE,3,6,-3,3
2024,5,SOUTH CLIFTON PARK,2,2,0,0
2024,5,STONEWOOD-PENTWOOD-WINSTON,2,1,1,1
2024,5,TEN HILLS,2,3,-1,1
2024,5,TOWANDA-GRANTLEY,2,1,1,1
2024,5,TREMONT,1,1,0,0
2024,5,TUSCANY-CANTERBURY,1,2,-1,1
2024,5,UNION SQUARE,2,4,-2,2
2024,5,UNIVERSITY OF MARYLAND,3,1,2,2
2024,5,UPPER FELLS POINT,4,4,0,0
2024,5,UPTON,9,12,-3,3
2024,5,VIOLETVILLE,4,2,2,2
2024,5,WAKEFIELD,2,2,0,0
2024,5,WALBROOK,3,4,-1,1
2024,5,WALTHERSON,4,7,-3,3
2024,5,WASHINGTON HILL,4,7,-3,3
2024,5,WASHINGTON VILLAGE/PIGTOWN,8,11,-3,3
2024,5,WAVERLY,2,2,0,0
2024,5,WEST ARLINGTON,2,4,-2,2
2024,5,WEST FOREST PARK,3,3,0,0
2024,5,WEST HILLS,2,1,1,1
2024,5,WESTPORT,2,3,-1,1
2024,5,WILHELM PARK,1,2,-1,1
2024,5,WILSON PARK,1,1,0,0
2024,5,WINSTON-GOVANS,2,4,-2,2
2024,5,WOODBERRY,2,1,1,1
2024,5,WOODBOURNE HEIGHTS,2,3,-1,1
2024,5,WOODBOURNE-MCCABE,2,1,1,1
2024,5,WOODMERE,3,1,2,2
2024,5,WYMAN PARK,2,1,1,1
2024,5,YALE HEIGHTS,2,3,-1,1
2024,5,YORK-HOMELAND,1,1,0,0
2024,6,ABELL,2,1,1,1
2024,6,ALLENDALE,4,8,-4,4
2024,6,ARLINGTON,2,3,-1,1
2024,6,ARMISTEAD GARDENS,4,2,2,2
2024,6,ASHBURTON,2,1,1,1
2024,6,BALTIMORE HIGHLANDS,4,6,-2,2
2024,6,BARCLAY,4,4,0,0
2024,6,BAYVIEW,2,4,-2,2
2024,6,BEECHFIELD,2,4,-2,2
2024,6,BELAIR-EDISON,15,9,6,6
2024,6,BELAIR-PARKSIDE,1,1,0,0
2024,6,BELVEDERE,1,2,-1,1
2024,6,BEREA,3,6,-3,3
2024,6,BETTER WAVERLY,5,3,2,2
2024,6,BEVERLY HILLS,1,1,0,0
2024,6,BIDDLE STREET,2,2,0,0
2024,6,BOLTON HILL,4,3,1,1
2024,6,BREWERS HILL,2,1,1,1
2024,6,BRIDGEVIEW/GREENLAWN,2,1,1,1
2024,6,BROADWAY EAST,4,6,-2,2
2024,6,BROENING MANOR,2,1,1,1
2024,6,BROOKLYN,14,16,-2,2
2024,6,CALLAWAY-GARRISON,2,2,0,0
2024,6,CAMERON VILLAGE,2,1,1,1
2024,6,CANTON,8,16,-8,8
2024,6,CANTON INDUSTRIAL AREA,5,4,1,1
2024,6,CARE,3,7,-4,4
2024,6,CARROLL - CAMDEN INDUSTRIAL AREA,3,4,-1,1
2024,6,CARROLL-SOUTH HILTON,2,2,0,0
2024,6,CARROLLTON RIDGE,4,3,1,1
2024,6,CEDARCROFT,1,2,-1,1
2024,6,CEDONIA,2,1,1,1
2024,6,CENTRAL PARK HEIGHTS,6,5,1,1
2024,6,CHARLES NORTH,3,3,0,0
2024,6,CHARLES VILLAGE,4,4,0,0
2024,6,CHERRY HILL,5,6,-1,1
2024,6,CHESWOLDE,2,1,1,1
2024,6,CHINQUAPIN PARK,2,1,1,1
2024,6,CLIFTON PARK,1,3,-2,2
2024,6,COLDSPRING,1,1,0,0
2024,6,COLDSTREAM HOMESTEAD MONTEBELLO,9,8,1,1
2024,6,CONCERNED CITIZENS OF FOREST PARK,1,3,-2,2
2024,6,COPPIN HEIGHTS/ASH-CO-EAST,2,1,1,1
2024,6,CROSS KEYS,1,1,0,0
2024,6,CURTIS BAY,5,9,-4,4
2024,6,DARLEY PARK,2,1,1,1
2024,6,DOLFIELD,3,3,0,0
2024,6,DOWNTOWN,25,33,-8,8
2024,6,DOWNTOWN WEST,2,4,-2,2
2024,6,DRUID HEIGHTS,2,1,1,1
2024,6,DUNBAR-BROADWAY,3,3,0,0
2024,6,EAST ARLINGTON,2,2,0,0
2024,6,EAST BALTIMORE MIDWAY,3,6,-3,3
2024,6,EASTERWOOD,2,1,1,1
2024,6,EASTWOOD,1,1,0,0
2024,6,EDGEWOOD,2,2,0,0
2024,6,EDMONDSON VILLAGE,3,4,-1,1
2024,6,EDNOR GARDENS-LAKESIDE,4,7,-3,3
2024,6,ELLWOOD PARK/MONUMENT,4,3,1,1
2024,6,EVERGREEN LAWN,1,1,0,0
2024,6,EVESHAM PARK,1,1,0,0
2024,6,FAIRFIELD AREA,2,1,1,1
2024,6,FALLSTAFF,2,3,-1,1
2024,6,FEDERAL HILL,4,3,1,1
2024,6,FELLS POINT,7,7,0,0
2024,6,FOREST PARK,2,2,0,0
2024,6,FOUR BY FOUR,2,4,-2,2
2024,6,FRANKFORD,13,24,-11,11
2024,6,FRANKLIN SQUARE,4,11,-7,7
2024,6,FRANKLINTOWN,2,1,1,1
2024,6,FRANKLINTOWN ROAD,2,1,1,1
2024,6,GAY STREET,4,5,-1,1
2024,6,GLEN,4,6,-2,2
2024,6,GLEN OAKS,3,3,0,0
2024,6,GRACELAND PARK,2,1,1,1
2024,6,GREEKTOWN,4,3,1,1
2024,6,GREENMOUNT WEST,3,4,-1,1
2024,6,GROVE PARK,2,4,-2,2
2024,6,GUILFORD,3,4,-1,1
2024,6,GWYNNS FALLS,2,1,1,1
2024,6,HAMILTON HILLS,7,4,3,3
2024,6,HAMPDEN,7,7,0,0
2024,6,HANLON-LONGWOOD,3,2,1,1
2024,6,HARLEM PARK,5,2,3,3
2024,6,HARWOOD,2,3,-1,1
2024,6,HERITAGE CROSSING,2,1,1,1
2024,6,HIGHLANDTOWN,4,4,0,0
2024,6,HILLEN,2,1,1,1
2024,6,HOES HEIGHTS,1,1,0,0
2024,6,HOLLINS MARKET,3,2,1,1
2024,6,HOMELAND,2,4,-2,2
2024,6,HOPKINS BAYVIEW,1,1,0,0
2024,6,HOWARD PARK,3,4,-1,1
2024,6,HUNTING RIDGE,2,1,1,1
2024,6,INNER HARBOR,7,15,-8,8
2024,6,IRVINGTON,3,4,-1,1
2024,6,JOHNSTON SQUARE,3,1,2,2
2024,6,JONESTOWN,3,2,1,1
2024,6,KENILWORTH PARK,1,1,0,0
2024,6,KRESSON,2,2,0,0
2024,6,LAKE WALKER,2,2,0,0
2024,6,LAKELAND,5,11,-6,6
2024,6,LAURAVILLE,3,3,0,0
2024,6,LEVINDALE,2,2,0,0
2024,6,LIBERTY SQUARE,2,2,0,0
2024,6,LOCH RAVEN,3,6,-3,3
2024,6,LOCUST POINT,2,1,1,1
2024,6,LOCUST POINT INDUSTRIAL AREA,1,2,-1,1
2024,6,LUCILLE PARK,2,1,1,1
2024,6,MADISON PARK,2,2,0,0
2024,6,MADISON-EASTEND,2,2,0,0
2024,6,MCELDERRY PARK,4,9,-5,5
2024,6,MEDFIELD,2,1,1,1
2024,6,MID-GOVANS,2,6,-4,4
2024,6,MID-TOWN BELVEDERE,5,5,0,0
2024,6,MIDDLE EAST,2,13,-11,11
2024,6,MIDTOWN-EDMONDSON,2,1,1,1
2024,6,MILLHILL,3,1,2,2
2024,6,MONDAWMIN,9,10,-1,1
2024,6,MORAVIA-WALTHER,1,1,0,0
2024,6,MORGAN PARK,1,1,0,0
2024,6,MORRELL PARK,5,4,1,1
2024,6,MOSHER,2,1,1,1
2024,6,MOUNT HOLLY,2,2,0,0
2024,6,MOUNT VERNON,6,7,-1,1
2024,6,NEW NORTHWOOD,4,4,0,0
2024,6,NORTH HARFORD ROAD,3,5,-2,2
2024,6,NORTH ROLAND PARK/POPLAR HILL,2,1,1,1
2024,6,NORTHWEST COMMUNITY ACTION,2,1,1,1
2024,6,OAKENSHAWE,1,1,0,0
2024,6,OAKLEE,1,3,-2,2
2024,6,OLD GOUCHER,3,11,-8,8
2024,6,OLDTOWN,5,6,-1,1
2024,6,OLIVER,5,7,-2,2
2024,6,ORANGEVILLE,2,2,0,0
2024,6,ORANGEVILLE INDUSTRIAL AREA,1,2,-1,1
2024,6,ORCHARD RIDGE,2,2,0,0
2024,6,ORIGINAL NORTHWOOD,2,1,1,1
2024,6,OTTERBEIN,2,2,0,0
2024,6,OVERLEA,1,1,0,0
2024,6,PANWAY/BRADDISH AVENUE,1,1,0,0
2024,6,PARK CIRCLE,3,2,1,1
2024,6,PARKLANE,2,4,-2,2
2024,6,PARKSIDE,2,1,1,1
2024,6,PATTERSON PARK,7,2,5,5
2024,6,PATTERSON PLACE,2,3,-1,1
2024,6,PEN LUCY,2,6,-4,4
2024,6,PENN NORTH,4,2,2,2
2024,6,PENN-FALLSWAY,2,1,1,1
2024,6,PENROSE/FAYETTE STREET OUTREACH,4,2,2,2
2024,6,PIMLICO GOOD NEIGHBORS,2,2,0,0
2024,6,PLEASANT VIEW GARDENS,1,1,0,0
2024,6,POPPLETON,3,5,-2,2
2024,6,PULASKI INDUSTRIAL AREA,5,3,2,2
2024,6,RADNOR-WINSTON,2,3,-1,1
2024,6,RAMBLEWOOD,2,1,1,1
2024,6,REISTERSTOWN STATION,4,9,-5,5
2024,6,REMINGTON,2,1,1,1
2024,6,RESERVOIR HILL,4,4,0,0
2024,6,RICHNOR SPRINGS,1,5,-4,4
2024,6,RIDGELY'S DELIGHT,1,2,-1,1
2024,6,RIVERSIDE,3,4,-1,1
2024,6,ROSEBANK,2,2,0,0
2024,6,ROSEMONT,4,5,-1,1
2024,6,ROSEMONT EAST,2,2,0,0
2024,6,ROSEMONT HOMEOWNERS/TENANTS,3,1,2,2
2024,6,SAINT AGNES,1,1,0,0
2024,6,SAINT HELENA,1,1,0,0
2024,6,SAINT JOSEPHS,2,3,-1,1
2024,6,SAINT PAUL,1,1,0,0
2024,6,SANDTOWN-WINCHESTER,9,7,2,2
2024,6,SETON HILL,3,1,2,2
2024,6,SHARP-LEADENHALL,2,1,1,1
2024,6,SHIPLEY HILL,2,1,1,1
2024,6,SOUTH BALTIMORE,3,1,2,2
2024,6,SOUTH CLIFTON PARK,2,6,-4,4
2024,6,TEN HILLS,1,2,-1,1
2024,6,TREMONT,1,2,-1,1
2024,6,TUSCANY-CANTERBURY,1,1,0,0
2024,6,UNION SQUARE,2,1,1,1
2024,6,UNIVERSITY OF MARYLAND,3,1,2,2
2024,6,UPPER FELLS POINT,4,4,0,0
2024,6,UPTON,9,9,0,0
2024,6,WALBROOK,3,1,2,2
2024,6,WALTHERSON,4,4,0,0
2024,6,WASHINGTON HILL,4,9,-5,5
2024,6,WASHINGTON VILLAGE/PIGTOWN,8,8,0,0
2024,6,WAVERLY,2,1,1,1
2024,6,WEST ARLINGTON,2,4,-2,2
2024,6,WEST FOREST PARK,3,3,0,0
2024,6,WEST HILLS,2,6,-4,4
2024,6,WESTFIELD,3,4,-1,1
2024,6,WESTGATE,2,4,-2,2
2024,6,WESTPORT,2,2,0,0
2024,6,WILSON PARK,1,3,-2,2
2024,6,WINSTON-GOVANS,2,1,1,1
2024,6,WOODBERRY,2,2,0,0
2024,6,WOODBOURNE-MCCABE,2,3,-1,1
2024,6,WOODMERE,2,1,1,1
2024,6,WYMAN PARK,2,3,-1,1
2024,6,WYNDHURST,1,1,0,0
2024,6,YALE HEIGHTS,2,10,-8,8
2024,7,ABELL,2,4,-2,2
2024,7,ALLENDALE,4,4,0,0
2024,7,ARLINGTON,2,3,-1,1
2024,7,ARMISTEAD GARDENS,4,8,-4,4
2024,7,ASHBURTON,2,1,1,1
2024,7,BALTIMORE HIGHLANDS,4,6,-2,2
2024,7,BARCLAY,4,1,3,3
2024,7,BAYVIEW,2,1,1,1
2024,7,BEECHFIELD,2,1,1,1
2024,7,BELAIR-EDISON,15,14,1,1
2024,7,BELVEDERE,1,3,-2,2
2024,7,BEREA,3,1,2,2
2024,7,BETTER WAVERLY,5,4,1,1
2024,7,BIDDLE STREET,2,1,1,1
2024,7,BOLTON HILL,4,6,-2,2
2024,7,BOYD-BOOTH,2,1,1,1
2024,7,BREWERS HILL,2,1,1,1
2024,7,BRIDGEVIEW/GREENLAWN,2,3,-1,1
2024,7,BROADWAY EAST,4,3,1,1
2024,7,BROENING MANOR,2,1,1,1
2024,7,BROOKLYN,15,23,-8,8
2024,7,CALLAWAY-GARRISON,2,3,-1,1
2024,7,CANTON,8,14,-6,6
2024,7,CANTON INDUSTRIAL AREA,4,7,-3,3
2024,7,CARE,3,4,-1,1
2024,7,CARROLL - CAMDEN INDUSTRIAL AREA,3,4,-1,1
2024,7,CARROLL-SOUTH HILTON,2,5,-3,3
2024,7,CARROLLTON RIDGE,4,5,-1,1
2024,7,CEDARCROFT,1,1,0,0
2024,7,CEDMONT,3,3,0,0
2024,7,CEDONIA,2,2,0,0
2024,7,CENTRAL PARK HEIGHTS,7,2,5,5
2024,7,CHARLES NORTH,3,2,1,1
2024,7,CHARLES VILLAGE,3,6,-3,3
2024,7,CHERRY HILL,5,17,-12,12
2024,7,CHESWOLDE,2,4,-2,2
2024,7,CHINQUAPIN PARK,1,1,0,0
2024,7,CLIFTON PARK,1,2,-1,1
2024,7,COLDSTREAM HOMESTEAD MONTEBELLO,9,6,3,3
2024,7,CONCERNED CITIZENS OF FOREST PARK,2,4,-2,2
2024,7,COPPIN HEIGHTS/ASH-CO-EAST,2,7,-5,5
2024,7,CROSS COUNTRY,2,3,-1,1
2024,7,CROSS KEYS,1,1,0,0
2024,7,CURTIS BAY,5,9,-4,4
2024,7,CYLBURN,2,1,1,1
2024,7,DICKEYVILLE,1,1,0,0
2024,7,DOWNTOWN,25,31,-6,6
2024,7,DRUID HEIGHTS,2,2,0,0
2024,7,DUNBAR-BROADWAY,3,3,0,0
2024,7,EAST ARLINGTON,2,2,0,0
2024,7,EAST BALTIMORE MIDWAY,3,8,-5,5
2024,7,EASTERWOOD,2,1,1,1
2024,7,EDGEWOOD,2,3,-1,1
2024,7,EDMONDSON VILLAGE,3,8,-5,5
2024,7,EDNOR GARDENS-LAKESIDE,4,4,0,0
2024,7,ELLWOOD PARK/MONUMENT,4,3,1,1
2024,7,EVERGREEN LAWN,1,1,0,0
2024,7,FALLSTAFF,2,3,-1,1
2024,7,FEDERAL HILL,3,4,-1,1
2024,7,FELLS POINT,7,9,-2,2
2024,7,FOREST PARK,2,4,-2,2
2024,7,FOREST PARK GOLF COURSE,1,1,0,0
2024,7,FOUR BY FOUR,2,2,0,0
2024,7,FRANKFORD,13,34,-21,21
2024,7,FRANKLIN SQUARE,4,3,1,1
2024,7,FRANKLINTOWN,2,2,0,0
2024,7,FRANKLINTOWN ROAD,2,2,0,0
2024,7,GAY STREET,4,7,-3,3
2024,7,GLEN,4,8,-4,4
2024,7,GLEN OAKS,2,2,0,0
2024,7,GREEKTOWN,4,5,-1,1
2024,7,GREENMOUNT WEST,3,2,1,1
2024,7,GREENSPRING,3,3,0,0
2024,7,GROVE PARK,2,1,1,1
2024,7,GWYNNS FALLS,2,1,1,1
2024,7,HAMILTON HILLS,7,4,3,3
2024,7,HAMPDEN,7,21,-14,14
2024,7,HANLON-LONGWOOD,3,1,2,2
2024,7,HARLEM PARK,5,3,2,2
2024,7,HARWOOD,2,4,-2,2
2024,7,HERITAGE CROSSING,2,1,1,1
2024,7,HIGHLANDTOWN,4,4,0,0
2024,7,HILLEN,2,2,0,0
2024,7,HOLLINS MARKET,2,5,-3,3
2024,7,HOMELAND,2,7,-5,5
2024,7,HOWARD PARK,3,6,-3,3
2024,7,HUNTING RIDGE,2,2,0,0
2024,7,INNER HARBOR,7,14,-7,7
2024,7,IRVINGTON,3,5,-2,2
2024,7,JOHNSTON SQUARE,3,10,-7,7
2024,7,JONESTOWN,3,5,-2,2
2024,7,LAKELAND,5,5,0,0
2024,7,LANGSTON HUGHES,2,1,1,1
2024,7,LAURAVILLE,2,3,-1,1
2024,7,LEVINDALE,2,1,1,1
2024,7,LIBERTY SQUARE,2,7,-5,5
2024,7,LITTLE ITALY,2,4,-2,2
2024,7,LOCH RAVEN,3,3,0,0
2024,7,LOCUST POINT INDUSTRIAL AREA,2,2,0,0
2024,7,LUCILLE PARK,1,2,-1,1
2024,7,MADISON PARK,2,2,0,0
2024,7,MCELDERRY PARK,4,9,-5,5
2024,7,MEDFIELD,2,2,0,0
2024,7,MID-TOWN BELVEDERE,5,6,-1,1
2024,7,MIDDLE EAST,2,2,0,0
2024,7,MIDTOWN-EDMONDSON,2,3,-1,1
2024,7,MILLHILL,3,2,1,1
2024,7,MILTON-MONTFORD,2,3,-1,1
2024,7,MONDAWMIN,8,9,-1,1
2024,7,MORRELL PARK,5,3,2,2
2024,7,MOUNT VERNON,6,7,-1,1
2024,7,MOUNT WASHINGTON,2,1,1,1
2024,7,NEW NORTHWOOD,4,5,-1,1
2024,7,NORTH HARFORD ROAD,3,2,1,1
2024,7,NORTH ROLAND PARK/POPLAR HILL,2,2,0,0
2024,7,O'DONNELL HEIGHTS,2,1,1,1
2024,7,OLDTOWN,5,6,-1,1
2024,7,OLIVER,5,8,-3,3
2024,7,ORANGEVILLE,2,1,1,1
2024,7,ORCHARD RIDGE,1,2,-1,1
2024,7,OTTERBEIN,2,3,-1,1
2024,7,PANWAY/BRADDISH AVENUE,1,1,0,0
2024,7,PARK CIRCLE,3,3,0,0
2024,7,PARKLANE,2,1,1,1
2024,7,PARKSIDE,2,3,-1,1
2024,7,PATTERSON PARK,7,1,6,6
2024,7,PATTERSON PLACE,2,4,-2,2
2024,7,PEN LUCY,2,3,-1,1
2024,7,PENN NORTH,4,9,-5,5
2024,7,PENN-FALLSWAY,2,2,0,0
2024,7,PENROSE/FAYETTE STREET OUTREACH,4,6,-2,2
2024,7,PIMLICO GOOD NEIGHBORS,2,3,-1,1
2024,7,PLEASANT VIEW GARDENS,1,1,0,0
2024,7,POPPLETON,3,7,-4,4
2024,7,PULASKI INDUSTRIAL AREA,5,3,2,2
2024,7,PURNELL,1,1,0,0
2024,7,RAMBLEWOOD,2,3,-1,1
2024,7,REISTERSTOWN STATION,4,3,1,1
2024,7,RESERVOIR HILL,4,5,-1,1
2024,7,RICHNOR SPRINGS,1,2,-1,1
2024,7,RIDGELY'S DELIGHT,1,2,-1,1
2024,7,RIVERSIDE,3,5,-2,2
2024,7,ROGNEL HEIGHTS,2,1,1,1
2024,7,ROSEBANK,2,3,-1,1
2024,7,ROSEMONT,4,4,0,0
2024,7,ROSEMONT EAST,2,2,0,0
2024,7,ROSEMONT HOMEOWNERS/TENANTS,3,1,2,2
2024,7,SAINT AGNES,1,1,0,0
2024,7,SAINT HELENA,1,1,0,0
2024,7,SANDTOWN-WINCHESTER,9,9,0,0
2024,7,SETON BUSINESS PARK,2,1,1,1
2024,7,SETON HILL,2,10,-8,8
2024,7,SHARP-LEADENHALL,2,1,1,1
2024,7,SHIPLEY HILL,2,1,1,1
2024,7,SOUTH BALTIMORE,3,4,-1,1
2024,7,SOUTH CLIFTON PARK,2,1,1,1
2024,7,STONEWOOD-PENTWOOD-WINSTON,1,1,0,0
2024,7,TEN HILLS,1,2,-1,1
2024,7,TOWANDA-GRANTLEY,2,1,1,1
2024,7,TREMONT,1,2,-1,1
2024,7,UNION SQUARE,2,1,1,1
2024,7,UNIVERSITY OF MARYLAND,3,1,2,2
2024,7,UPPER FELLS POINT,4,4,0,0
2024,7,UPTON,8,6,2,2
2024,7,VIOLETVILLE,4,3,1,1
2024,7,WAKEFIELD,2,2,0,0
2024,7,WALBROOK,3,2,1,1
2024,7,WALTHERSON,4,6,-2,2
2024,7,WASHINGTON HILL,4,4,0,0
2024,7,WASHINGTON VILLAGE/PIGTOWN,8,15,-7,7
2024,7,WAVERLY,2,3,-1,1
2024,7,WEST ARLINGTON,2,1,1,1
2024,7,WEST FOREST PARK,3,3,0,0
2024,7,WEST HILLS,2,9,-7,7
2024,7,WESTFIELD,2,2,0,0
2024,7,WESTGATE,2,1,1,1
2024,7,WILHELM PARK,1,2,-1,1
2024,7,WINCHESTER,2,1,1,1
2024,7,WINDSOR HILLS,2,1,1,1
2024,7,WOODBERRY,2,1,1,1
2024,7,WOODBOURNE HEIGHTS,2,2,0,0
2024,7,WOODMERE,3,3,0,0
2024,7,WYNDHURST,1,1,0,0
2024,7,YALE HEIGHTS,2,1,1,1
2024,8,ALLENDALE,4,5,-1,1
2024,8,ARCADIA,2,1,1,1
2024,8,ARLINGTON,2,1,1,1
2024,8,ARMISTEAD GARDENS,3,5,-2,2
2024,8,ASHBURTON,2,4,-2,2
2024,8,BALTIMORE HIGHLANDS,4,4,0,0
2024,8,BARCLAY,5,5,0,0
2024,8,BAYVIEW,2,4,-2,2
2024,8,BEECHFIELD,2,5,-3,3
2024,8,BELAIR-EDISON,16,31,-15,15
2024,8,BELAIR-PARKSIDE,1,1,0,0
2024,8,BELVEDERE,2,2,0,0
2024,8,BEREA,3,1,2,2
2024,8,BETTER WAVERLY,6,4,2,2
2024,8,BEVERLY HILLS,1,1,0,0
2024,8,BIDDLE STREET,2,1,1,1
2024,8,BREWERS HILL,2,5,-3,3
2024,8,BRIDGEVIEW/GREENLAWN,2,2,0,0
2024,8,BROADWAY EAST,3,6,-3,3
2024,8,BROENING MANOR,2,1,1,1
2024,8,BROOKLYN,15,20,-5,5
2024,8,CALLAWAY-GARRISON,2,1,1,1
2024,8,CAMERON VILLAGE,2,2,0,0
2024,8,CANTON,8,7,1,1
2024,8,CANTON INDUSTRIAL AREA,5,6,-1,1
2024,8,CARE,3,1,2,2
2024,8,CARROLL - CAMDEN INDUSTRIAL AREA,3,7,-4,4
2024,8,CARROLLTON RIDGE,3,7,-4,4
2024,8,CEDMONT,3,4,-1,1
2024,8,CEDONIA,2,1,1,1
2024,8,CENTRAL PARK HEIGHTS,7,6,1,1
2024,8,CHARLES NORTH,3,3,0,0
2024,8,CHARLES VILLAGE,3,5,-2,2
2024,8,CHERRY HILL,4,7,-3,3
2024,8,CHESWOLDE,2,2,0,0
2024,8,CHINQUAPIN PARK,2,5,-3,3
2024,8,COLDSTREAM HOMESTEAD MONTEBELLO,9,7,2,2
2024,8,CONCERNED CITIZENS OF FOREST PARK,2,2,0,0
2024,8,CROSS COUNTRY,2,4,-2,2
2024,8,CROSS KEYS,1,1,0,0
2024,8,CURTIS BAY,5,8,-3,3
2024,8,CYLBURN,2,2,0,0
2024,8,DARLEY PARK,2,2,0,0
2024,8,DORCHESTER,2,1,1,1
2024,8,DOWNTOWN,25,27,-2,2
2024,8,DOWNTOWN WEST,2,6,-4,4
2024,8,DRUID HEIGHTS,2,3,-1,1
2024,8,DUNBAR-BROADWAY,3,2,1,1
2024,8,EAST ARLINGTON,2,2,0,0
2024,8,EAST BALTIMORE MIDWAY,3,6,-3,3
2024,8,EASTERWOOD,2,1,1,1
2024,8,EDGEWOOD,2,3,-1,1
2024,8,EDMONDSON VILLAGE,3,1,2,2
2024,8,EDNOR GARDENS-LAKESIDE,4,6,-2,2
2024,8,ELLWOOD PARK/MONUMENT,4,5,-1,1
2024,8,FAIRFIELD AREA,2,2,0,0
2024,8,FALLSTAFF,2,4,-2,2
2024,8,FEDERAL HILL,3,6,-3,3
2024,8,FELLS POINT,7,10,-3,3
2024,8,FOREST PARK,2,1,1,1
2024,8,FRANKFORD,13,13,0,0
2024,8,FRANKLIN SQUARE,4,6,-2,2
2024,8,GARWYN OAKS,1,1,0,0
2024,8,GAY STREET,3,4,-1,1
2024,8,GLEN,4,5,-1,1
2024,8,GLEN OAKS,2,2,0,0
2024,8,GRACELAND PARK,2,2,0,0
2024,8,GREEKTOWN,3,6,-3,3
2024,8,GREENSPRING,3,1,2,2
2024,8,GROVE PARK,2,2,0,0
2024,8,GUILFORD,3,4,-1,1
2024,8,GWYNNS FALLS,2,1,1,1
2024,8,HAMILTON HILLS,8,3,5,5
2024,8,HAMPDEN,7,12,-5,5
2024,8,HANLON-LONGWOOD,3,2,1,1
2024,8,HARLEM PARK,5,4,1,1
2024,8,HERITAGE CROSSING,2,3,-1,1
2024,8,HIGHLANDTOWN,4,2,2,2
2024,8,HILLEN,2,6,-4,4
2024,8,HOLLINS MARKET,2,3,-1,1
2024,8,HOMELAND,2,3,-1,1
2024,8,HOPKINS BAYVIEW,1,1,0,0
2024,8,HOWARD PARK,3,2,1,1
2024,8,HUNTING RIDGE,2,1,1,1
2024,8,INNER HARBOR,7,10,-3,3
2024,8,IRVINGTON,3,5,-2,2
2024,8,JOHNSTON SQUARE,3,6,-3,3
2024,8,JONES FALLS AREA,1,1,0,0
2024,8,JONESTOWN,3,2,1,1
2024,8,LAKE EVESHAM,1,3,-2,2
2024,8,LAKE WALKER,2,2,0,0
2024,8,LAKELAND,5,10,-5,5
2024,8,LAURAVILLE,2,2,0,0
2024,8,LITTLE ITALY,2,4,-2,2
2024,8,LOCH RAVEN,3,8,-5,5
2024,8,LUCILLE PARK,1,1,0,0
2024,8,MADISON PARK,2,3,-1,1
2024,8,MADISON-EASTEND,2,2,0,0
2024,8,MAYFIELD,1,1,0,0
2024,8,MCELDERRY PARK,4,3,1,1
2024,8,MEDFIELD,2,1,1,1
2024,8,MEDFORD,1,5,-4,4
2024,8,MID-GOVANS,2,2,0,0
2024,8,MID-TOWN BELVEDERE,5,10,-5,5
2024,8,MIDDLE EAST,2,8,-6,6
2024,8,MIDTOWN-EDMONDSON,2,2,0,0
2024,8,MILLHILL,3,3,0,0
2024,8,MILTON-MONTFORD,2,1,1,1
2024,8,MONDAWMIN,9,9,0,0
2024,8,MORRELL PARK,5,4,1,1
2024,8,MOSHER,2,1,1,1
2024,8,MOUNT VERNON,6,16,-10,10
2024,8,MOUNT WASHINGTON,2,3,-1,1
2024,8,MOUNT WINANS,1,2,-1,1
2024,8,NEW NORTHWOOD,4,4,0,0
2024,8,NORTH HARFORD ROAD,3,5,-2,2
2024,8,NORTHWEST COMMUNITY ACTION,2,3,-1,1
2024,8,O'DONNELL HEIGHTS,2,1,1,1
2024,8,OAKENSHAWE,1,1,0,0
2024,8,OLDTOWN,5,3,2,2
2024,8,OLIVER,5,5,0,0
2024,8,ORCHARD RIDGE,1,2,-1,1
2024,8,ORIGINAL NORTHWOOD,2,2,0,0
2024,8,OTTERBEIN,2,2,0,0
2024,8,PARK CIRCLE,3,7,-4,4
2024,8,PARKLANE,2,5,-3,3
2024,8,PARKSIDE,2,3,-1,1
2024,8,PATTERSON PLACE,2,2,0,0
2024,8,PEN LUCY,2,1,1,1
2024,8,PENN NORTH,4,6,-2,2
2024,8,PENN-FALLSWAY,2,1,1,1
2024,8,PENROSE/FAYETTE STREET OUTREACH,5,9,-4,4
2024,8,PERRING LOCH,2,3,-1,1
2024,8,PIMLICO GOOD NEIGHBORS,2,2,0,0
2024,8,PLEASANT VIEW GARDENS,1,1,0,0
2024,8,POPPLETON,3,5,-2,2
2024,8,PULASKI INDUSTRIAL AREA,5,8,-3,3
2024,8,RADNOR-WINSTON,2,2,0,0
2024,8,RAMBLEWOOD,1,1,0,0
2024,8,REISTERSTOWN STATION,4,4,0,0
2024,8,REMINGTON,2,4,-2,2
2024,8,RESERVOIR HILL,4,4,0,0
2024,8,RICHNOR SPRINGS,1,1,0,0
2024,8,RIVERSIDE,3,10,-7,7
2024,8,ROGNEL HEIGHTS,2,3,-1,1
2024,8,ROLAND PARK,2,1,1,1
2024,8,ROSEBANK,2,4,-2,2
2024,8,ROSEMONT,4,3,1,1
2024,8,ROSEMONT EAST,2,1,1,1
2024,8,ROSEMONT HOMEOWNERS/TENANTS,3,2,1,1
2024,8,SAINT JOSEPHS,2,3,-1,1
2024,8,SAINT PAUL,1,1,0,0
2024,8,SANDTOWN-WINCHESTER,9,11,-2,2
2024,8,SETON HILL,2,2,0,0
2024,8,SHIPLEY HILL,2,1,1,1
2024,8,SOUTH BALTIMORE,3,7,-4,4
2024,8,SOUTH CLIFTON PARK,2,3,-1,1
2024,8,STONEWOOD-PENTWOOD-WINSTON,1,1,0,0
2024,8,UNION SQUARE,2,2,0,0
2024,8,UNIVERSITY OF MARYLAND,2,1,1,1
2024,8,UPLANDS,1,1,0,0
2024,8,UPPER FELLS POINT,3,2,1,1
2024,8,UPTON,8,8,0,0
2024,8,VILLAGES OF HOMELAND,1,1,0,0
2024,8,VIOLETVILLE,4,5,-1,1
2024,8,WALBROOK,3,2,1,1
2024,8,WALTHERSON,4,5,-1,1
2024,8,WASHINGTON HILL,4,8,-4,4
2024,8,WASHINGTON VILLAGE/PIGTOWN,8,6,2,2
2024,8,WAVERLY,2,1,1,1
2024,8,WEST ARLINGTON,2,4,-2,2
2024,8,WEST FOREST PARK,3,3,0,0
2024,8,WEST HILLS,2,2,0,0
2024,8,WESTFIELD,2,2,0,0
2024,8,WESTGATE,2,7,-5,5
2024,8,WESTPORT,2,1,1,1
2024,8,WINCHESTER,2,5,-3,3
2024,8,WINDSOR HILLS,2,4,-2,2
2024,8,WOODBOURNE HEIGHTS,2,3,-1,1
2024,8,WOODBOURNE-MCCABE,2,2,0,0
2024,8,WOODMERE,3,3,0,0
2024,8,WYMAN PARK,2,2,0,0
2024,8,YALE HEIGHTS,2,2,0,0
2024,9,ABELL,2,3,-1,1
2024,9,ALLENDALE,4,10,-6,6
2024,9,ARLINGTON,2,1,1,1
2024,9,ARMISTEAD GARDENS,3,3,0,0
2024,9,ASHBURTON,2,5,-3,3
2024,9,BALTIMORE HIGHLANDS,4,4,0,0
2024,9,BAYVIEW,2,2,0,0
2024,9,BEECHFIELD,2,2,0,0
2024,9,BELAIR-EDISON,16,9,7,7
2024,9,BELAIR-PARKSIDE,1,2,-1,1
2024,9,BELVEDERE,2,1,1,1
2024,9,BEREA,3,1,2,2
2024,9,BETTER WAVERLY,5,4,1,1
2024,9,BIDDLE STREET,2,2,0,0
2024,9,BOLTON HILL,4,10,-6,6
2024,9,BOYD-BOOTH,2,1,1,1
2024,9,BREWERS HILL,2,3,-1,1
2024,9,BRIDGEVIEW/GREENLAWN,2,2,0,0
2024,9,BROADWAY EAST,4,6,-2,2
2024,9,BROOKLYN,15,16,-1,1
2024,9,CANTON,7,10,-3,3
2024,9,CANTON INDUSTRIAL AREA,6,8,-2,2
2024,9,CARE,3,1,2,2
2024,9,CARROLL - CAMDEN INDUSTRIAL AREA,3,2,1,1
2024,9,CARROLL-SOUTH HILTON,3,4,-1,1
2024,9,CARROLLTON RIDGE,4,4,0,0
2024,9,CEDMONT,3,2,1,1
2024,9,CEDONIA,2,1,1,1
2024,9,CENTRAL FOREST PARK,2,2,0,0
2024,9,CENTRAL PARK HEIGHTS,7,10,-3,3
2024,9,CHARLES NORTH,3,7,-4,4
2024,9,CHARLES VILLAGE,4,3,1,1
2024,9,CHERRY HILL,4,15,-11,11
2024,9,CHESWOLDE,2,2,0,0
2024,9,CHINQUAPIN PARK,2,1,1,1
2024,9,COLDSTREAM HOMESTEAD MONTEBELLO,10,2,8,8
2024,9,CONCERNED CITIZENS OF FOREST PARK,2,4,-2,2
2024,9,COPPIN HEIGHTS/ASH-CO-EAST,2,5,-3,3
2024,9,CROSS KEYS,1,1,0,0
2024,9,CURTIS BAY,5,10,-5,5
2024,9,CYLBURN,2,2,0,0
2024,9,DARLEY PARK,2,1,1,1
2024,9,DICKEYVILLE,1,1,0,0
2024,9,DOLFIELD,3,2,1,1
2024,9,DORCHESTER,2,5,-3,3
2024,9,DOWNTOWN,25,34,-9,9
2024,9,DOWNTOWN WEST,2,5,-3,3
2024,9,DUNBAR-BROADWAY,3,5,-2,2
2024,9,EAST ARLINGTON,2,1,1,1
2024,9,EAST BALTIMORE MIDWAY,3,4,-1,1
2024,9,EASTERWOOD,2,3,-1,1
2024,9,EASTWOOD,1,1,0,0
2024,9,EDGEWOOD,2,3,-1,1
2024,9,EDMONDSON VILLAGE,3,2,1,1
2024,9,EDNOR GARDENS-LAKESIDE,4,4,0,0
2024,9,ELLWOOD PARK/MONUMENT,4,2,2,2
2024,9,EVERGREEN,1,1,0,0
2024,9,FEDERAL HILL,4,5,-1,1
2024,9,FELLS POINT,7,7,0,0
2024,9,FOREST PARK,2,5,-3,3
2024,9,FOUR BY FOUR,2,1,1,1
2024,9,FRANKFORD,13,12,1,1
2024,9,FRANKLIN SQUARE,4,6,-2,2
2024,9,FRANKLINTOWN,2,1,1,1
2024,9,GAY STREET,3,3,0,0
2024,9,GLEN,4,1,3,3
2024,9,GLEN OAKS,3,1,2,2
2024,9,GRACELAND PARK,2,1,1,1
2024,9,GREEKTOWN,4,8,-4,4
2024,9,GREENMOUNT WEST,3,5,-2,2
2024,9,GREENSPRING,3,2,1,1
2024,9,GROVE PARK,2,1,1,1
2024,9,GUILFORD,3,3,0,0
2024,9,GWYNNS FALLS,2,1,1,1
2024,9,HAMILTON HILLS,7,6,1,1
2024,9,HAMPDEN,7,10,-3,3
2024,9,HANLON-LONGWOOD,3,2,1,1
2024,9,HARLEM PARK,6,1,5,5
2024,9,HERITAGE CROSSING,2,2,0,0
2024,9,HIGHLANDTOWN,4,6,-2,2
2024,9,HILLEN,2,2,0,0
2024,9,HOES HEIGHTS,1,2,-1,1
2024,9,HOLLINS MARKET,2,3,-1,1
2024,9,HOMELAND,2,6,-4,4
2024,9,HOWARD PARK,3,2,1,1
2024,9,IDLEWOOD,2,2,0,0
2024,9,INNER HARBOR,7,11,-4,4
2024,9,IRVINGTON,3,2,1,1
2024,9,JOHNSTON SQUARE,3,2,1,1
2024,9,JONESTOWN,3,2,1,1
2024,9,KENILWORTH PARK,1,3,-2,2
2024,9,KRESSON,2,4,-2,2
2024,9,LAKELAND,5,9,-4,4
2024,9,LANGSTON HUGHES,2,1,1,1
2024,9,LAURAVILLE,2,3,-1,1
2024,9,LOCH RAVEN,3,11,-8,8
2024,9,LOCUST POINT,2,1,1,1
2024,9,LOCUST POINT INDUSTRIAL AREA,2,2,0,0
2024,9,LOYOLA/NOTRE DAME,1,1,0,0
2024,9,MADISON PARK,2,1,1,1
2024,9,MADISON-EASTEND,2,2,0,0
2024,9,MAYFIELD,1,1,0,0
2024,9,MCELDERRY PARK,4,7,-3,3
2024,9,MEDFIELD,2,5,-3,3
2024,9,MEDFORD,2,2,0,0
2024,9,MID-GOVANS,1,2,-1,1
2024,9,MID-TOWN BELVEDERE,5,3,2,2
2024,9,MIDDLE EAST,2,6,-4,4
2024,9,MIDTOWN-EDMONDSON,2,1,1,1
2024,9,MILLHILL,3,2,1,1
2024,9,MILTON-MONTFORD,2,2,0,0
2024,9,MONDAWMIN,9,13,-4,4
2024,9,MORRELL PARK,5,7,-2,2
2024,9,MOSHER,2,2,0,0
2024,9,MOUNT HOLLY,2,2,0,0
2024,9,MOUNT VERNON,7,8,-1,1
2024,9,MOUNT WASHINGTON,2,1,1,1
2024,9,MOUNT WINANS,1,1,0,0
2024,9,NEW NORTHWOOD,4,5,-1,1
2024,9,NORTH HARFORD ROAD,3,1,2,2
2024,9,NORTHWEST COMMUNITY ACTION,2,1,1,1
2024,9,O'DONNELL HEIGHTS,2,4,-2,2
2024,9,OAKENSHAWE,1,2,-1,1
2024,9,OAKLEE,1,1,0,0
2024,9,OLD GOUCHER,3,1,2,2
2024,9,OLDTOWN,5,7,-2,2
2024,9,OLIVER,5,3,2,2
2024,9,ORANGEVILLE,2,1,1,1
2024,9,ORANGEVILLE INDUSTRIAL AREA,1,1,0,0
2024,9,ORCHARD RIDGE,1,2,-1,1
2024,9,OTTERBEIN,2,1,1,1
2024,9,OVERLEA,1,1,0,0
2024,9,PANWAY/BRADDISH AVENUE,2,2,0,0
2024,9,PARK CIRCLE,2,1,1,1
2024,9,PARKSIDE,2,3,-1,1
2024,9,PATTERSON PLACE,2,4,-2,2
2024,9,PEN LUCY,2,3,-1,1
2024,9,PENN NORTH,4,7,-3,3
2024,9,PENN-FALLSWAY,2,3,-1,1
2024,9,PENROSE/FAYETTE STREET OUTREACH,5,7,-2,2
2024,9,PLEASANT VIEW GARDENS,1,2,-1,1
2024,9,PULASKI INDUSTRIAL AREA,5,3,2,2
2024,9,PURNELL,1,1,0,0
2024,9,RAMBLEWOOD,2,4,-2,2
2024,9,REISTERSTOWN STATION,4,4,0,0
2024,9,RESERVOIR HILL,4,3,1,1
2024,9,RIVERSIDE,4,1,3,3
2024,9,ROGNEL HEIGHTS,2,3,-1,1
2024,9,ROLAND PARK,2,4,-2,2
2024,9,ROSEBANK,2,1,1,1
2024,9,ROSEMONT,5,4,1,1
2024,9,ROSEMONT EAST,2,2,0,0
2024,9,ROSEMONT HOMEOWNERS/TENANTS,3,4,-1,1
2024,9,SAINT JOSEPHS,2,2,0,0
2024,9,SAINT PAUL,1,2,-1,1
2024,9,SANDTOWN-WINCHESTER,9,13,-4,4
2024,9,SETON BUSINESS PARK,2,3,-1,1
2024,9,SETON HILL,2,4,-2,2
2024,9,SHARP-LEADENHALL,2,1,1,1
2024,9,SHIPLEY HILL,2,1,1,1
2024,9,SOUTH BALTIMORE,3,3,0,0
2024,9,TOWANDA-GRANTLEY,2,5,-3,3
2024,9,TUSCANY-CANTERBURY,1,1,0,0
2024,9,UNION SQUARE,2,1,1,1
2024,9,UNIVERSITY OF MARYLAND,2,5,-3,3
2024,9,UPLANDS,2,4,-2,2
2024,9,UPPER FELLS POINT,3,6,-3,3
2024,9,UPTON,8,4,4,4
2024,9,VIOLETVILLE,4,11,-7,7
2024,9,WALBROOK,3,2,1,1
2024,9,WALTHERSON,4,2,2,2
2024,9,WASHINGTON HILL,4,9,-5,5
2024,9,WASHINGTON VILLAGE/PIGTOWN,8,10,-2,2
2024,9,WAVERLY,2,1,1,1
2024,9,WEST ARLINGTON,2,4,-2,2
2024,9,WEST FOREST PARK,3,2,1,1
2024,9,WEST HILLS,2,1,1,1
2024,9,WESTFIELD,2,2,0,0
2024,9,WESTGATE,2,1,1,1
2024,9,WESTPORT,2,1,1,1
2024,9,WILHELM PARK,1,2,-1,1
2024,9,WILSON PARK,2,2,0,0
2024,9,WINCHESTER,2,3,-1,1
2024,9,WINSTON-GOVANS,2,2,0,0
2024,9,WOODBOURNE HEIGHTS,2,1,1,1
2024,9,WOODBOURNE-MCCABE,2,4,-2,2
2024,9,WOODMERE,3,3,0,0
2024,9,WYMAN PARK,2,1,1,1
2024,9,YALE HEIGHTS,2,1,1,1
2024,9,YORK-HOMELAND,1,1,0,0
2024,10,ABELL,2,4,-2,2
2024,10,ALLENDALE,3,3,0,0
2024,10,ARCADIA,2,1,1,1
2024,10,ARLINGTON,2,1,1,1
2024,10,ARMISTEAD GARDENS,3,4,-1,1
2024,10,ASHBURTON,2,2,0,0
2024,10,BALTIMORE HIGHLANDS,4,6,-2,2
2024,10,BARCLAY,4,2,2,2
2024,10,BAYVIEW,1,2,-1,1
2024,10,BELAIR-EDISON,15,24,-9,9
2024,10,BELAIR-PARKSIDE,1,1,0,0
2024,10,BELVEDERE,2,5,-3,3
2024,10,BEREA,3,3,0,0
2024,10,BETTER WAVERLY,5,7,-2,2
2024,10,BIDDLE STREET,2,1,1,1
2024,10,BOLTON HILL,3,1,2,2
2024,10,BOYD-BOOTH,2,1,1,1
2024,10,BREWERS HILL,2,1,1,1
2024,10,BRIDGEVIEW/GREENLAWN,2,1,1,1
2024,10,BROADWAY EAST,4,5,-1,1
2024,10,BROENING MANOR,2,2,0,0
2024,10,BROOKLYN,15,15,0,0
2024,10,CALLAWAY-GARRISON,2,1,1,1
2024,10,CAMERON VILLAGE,2,1,1,1
2024,10,CANTON,7,10,-3,3
2024,10,CANTON INDUSTRIAL AREA,5,6,-1,1
2024,10,CARE,3,4,-1,1
2024,10,CARROLL - CAMDEN INDUSTRIAL AREA,3,5,-2,2
2024,10,CARROLL-SOUTH HILTON,2,3,-1,1
2024,10,CARROLLTON RIDGE,3,6,-3,3
2024,10,CEDMONT,3,6,-3,3
2024,10,CEDONIA,2,1,1,1
2024,10,CENTRAL PARK HEIGHTS,7,6,1,1
2024,10,CHARLES NORTH,3,3,0,0
2024,10,CHARLES VILLAGE,3,7,-4,4
2024,10,CHERRY HILL,3,11,-8,8
2024,10,CHESWOLDE,2,2,0,0
2024,10,CHINQUAPIN PARK,2,2,0,0
2024,10,CLIFTON PARK,1,2,-1,1
2024,10,COLDSPRING,1,2,-1,1
2024,10,COLDSTREAM HOMESTEAD MONTEBELLO,10,6,4,4
2024,10,CONCERNED CITIZENS OF FOREST PARK,2,1,1,1
2024,10,COPPIN HEIGHTS/ASH-CO-EAST,2,3,-1,1
2024,10,CROSS COUNTRY,2,3,-1,1
2024,10,CURTIS BAY,5,7,-2,2
2024,10,CYLBURN,2,2,0,0
2024,10,DARLEY PARK,2,4,-2,2
2024,10,DOLFIELD,3,1,2,2
2024,10,DOWNTOWN,24,30,-6,6
2024,10,DRUID HEIGHTS,2,1,1,1
2024,10,DUNBAR-BROADWAY,3,2,1,1
2024,10,EAST ARLINGTON,2,1,1,1
2024,10,EAST BALTIMORE MIDWAY,3,5,-2,2
2024,10,EDGEWOOD,2,2,0,0
2024,10,EDMONDSON VILLAGE,3,8,-5,5
2024,10,EDNOR GARDENS-LAKESIDE,4,1,3,3
2024,10,ELLWOOD PARK/MONUMENT,4,5,-1,1
2024,10,FAIRFIELD AREA,2,1,1,1
2024,10,FALLSTAFF,2,3,-1,1
2024,10,FELLS POINT,7,4,3,3
2024,10,FOREST PARK,2,3,-1,1
2024,10,FOUR BY FOUR,2,2,0,0
2024,10,FRANKFORD,12,26,-14,14
2024,10,FRANKLINTOWN,2,1,1,1
2024,10,FRANKLINTOWN ROAD,2,2,0,0
2024,10,GAY STREET,4,7,-3,3
2024,10,GLEN,4,2,2,2
2024,10,GRACELAND PARK,2,1,1,1
2024,10,GREEKTOWN,4,5,-1,1
2024,10,GREENMOUNT WEST,2,6,-4,4
2024,10,GREENSPRING,3,2,1,1
2024,10,GROVE PARK,2,4,-2,2
2024,10,GUILFORD,3,4,-1,1
2024,10,GWYNNS FALLS,2,2,0,0
2024,10,HAMILTON HILLS,7,2,5,5
2024,10,HAMPDEN,7,21,-14,14
2024,10,HARLEM PARK,5,1,4,4
2024,10,HAWKINS POINT,1,1,0,0
2024,10,HIGHLANDTOWN,3,1,2,2
2024,10,HILLEN,2,1,1,1
2024,10,HOES HEIGHTS,1,5,-4,4
2024,10,HOLLINS MARKET,2,6,-4,4
2024,10,HOMELAND,2,4,-2,2
2024,10,HOPKINS BAYVIEW,1,1,0,0
2024,10,HOWARD PARK,3,6,-3,3
2024,10,HUNTING RIDGE,2,3,-1,1
2024,10,IDLEWOOD,2,2,0,0
2024,10,INNER HARBOR,7,16,-9,9
2024,10,IRVINGTON,4,6,-2,2
2024,10,JONESTOWN,3,1,2,2
2024,10,KENILWORTH PARK,1,2,-1,1
2024,10,LAKELAND,4,4,0,0
2024,10,LANGSTON HUGHES,2,1,1,1
2024,10,LAURAVILLE,2,6,-4,4
2024,10,LEVINDALE,2,2,0,0
2024,10,LITTLE ITALY,2,1,1,1
2024,10,LOCH RAVEN,3,3,0,0
2024,10,LOCUST POINT,2,1,1,1
2024,10,LOCUST POINT INDUSTRIAL AREA,2,1,1,1
2024,10,MADISON PARK,2,5,-3,3
2024,10,MADISON-EASTEND,2,2,0,0
2024,10,MAYFIELD,1,2,-1,1
2024,10,MCELDERRY PARK,4,5,-1,1
2024,10,MEDFIELD,2,2,0,0
2024,10,MID-GOVANS,1,1,0,0
2024,10,MID-TOWN BELVEDERE,5,9,-4,4
2024,10,MIDDLE EAST,2,2,0,0
2024,10,MIDTOWN-EDMONDSON,2,2,0,0
2024,10,MILLHILL,3,6,-3,3
2024,10,MILTON-MONTFORD,2,1,1,1
2024,10,MONDAWMIN,8,11,-3,3
2024,10,MONTEBELLO,1,3,-2,2
2024,10,MORRELL PARK,5,7,-2,2
2024,10,MOSHER,2,2,0,0
2024,10,MOUNT VERNON,7,12,-5,5
2024,10,MOUNT WASHINGTON,2,5,-3,3
2024,10,MOUNT WINANS,1,3,-2,2
2024,10,NEW NORTHWOOD,4,6,-2,2
2024,10,NORTHWEST COMMUNITY ACTION,2,2,0,0
2024,10,O'DONNELL HEIGHTS,1,1,0,0
2024,10,OAKENSHAWE,1,1,0,0
2024,10,OLD GOUCHER,2,3,-1,1
2024,10,OLDTOWN,5,4,1,1
2024,10,OLIVER,5,3,2,2
2024,10,OTTERBEIN,2,1,1,1
2024,10,OVERLEA,1,1,0,0
2024,10,PANWAY/BRADDISH AVENUE,1,2,-1,1
2024,10,PARK CIRCLE,2,1,1,1
2024,10,PARKLANE,2,1,1,1
2024,10,PARKSIDE,2,1,1,1
2024,10,PEN LUCY,2,3,-1,1
2024,10,PENN NORTH,4,6,-2,2
2024,10,PENN-FALLSWAY,2,1,1,1
2024,10,PENROSE/FAYETTE STREET OUTREACH,4,4,0,0
2024,10,PERRING LOCH,4,1,3,3
2024,10,PLEASANT VIEW GARDENS,1,1,0,0
2024,10,POPPLETON,2,4,-2,2
2024,10,PULASKI INDUSTRIAL AREA,5,3,2,2
2024,10,RADNOR-WINSTON,2,1,1,1
2024,10,RAMBLEWOOD,1,2,-1,1
2024,10,REISTERSTOWN STATION,4,4,0,0
2024,10,REMINGTON,2,3,-1,1
2024,10,RESERVOIR HILL,4,3,1,1
2024,10,RIDGELY'S DELIGHT,1,3,-2,2
2024,10,RIVERSIDE,3,5,-2,2
2024,10,ROGNEL HEIGHTS,2,1,1,1
2024,10,ROLAND PARK,2,1,1,1
2024,10,ROSEBANK,2,1,1,1
2024,10,ROSEMONT EAST,2,1,1,1
2024,10,ROSEMONT HOMEOWNERS/TENANTS,3,2,1,1
2024,10,SAINT AGNES,1,4,-3,3
2024,10,SAINT JOSEPHS,2,2,0,0
2024,10,SANDTOWN-WINCHESTER,9,7,2,2
2024,10,SETON BUSINESS PARK,2,1,1,1
2024,10,SHARP-LEADENHALL,2,1,1,1
2024,10,SHIPLEY HILL,2,3,-1,1
2024,10,SOUTH BALTIMORE,3,1,2,2
2024,10,STONEWOOD-PENTWOOD-WINSTON,1,1,0,0
2024,10,TOWANDA-GRANTLEY,2,1,1,1
2024,10,UNION SQUARE,2,1,1,1
2024,10,UNIVERSITY OF MARYLAND,2,3,-1,1
2024,10,UPLANDS,2,3,-1,1
2024,10,UPPER FELLS POINT,3,3,0,0
2024,10,UPTON,8,7,1,1
2024,10,VIOLETVILLE,4,6,-2,2
2024,10,WALBROOK,3,4,-1,1
2024,10,WALTHERSON,4,1,3,3
2024,10,WASHINGTON HILL,4,13,-9,9
2024,10,WASHINGTON VILLAGE/PIGTOWN,8,9,-1,1
2024,10,WAVERLY,2,1,1,1
2024,10,WEST ARLINGTON,2,3,-1,1
2024,10,WEST FOREST PARK,3,5,-2,2
2024,10,WESTFIELD,2,1,1,1
2024,10,WESTGATE,2,5,-3,3
2024,10,WESTPORT,2,2,0,0
2024,10,WILHELM PARK,1,1,0,0
2024,10,WINCHESTER,2,1,1,1
2024,10,WINDSOR HILLS,2,2,0,0
2024,10,WINSTON-GOVANS,3,2,1,1
2024,10,WOODBERRY,2,1,1,1
2024,10,WOODBOURNE HEIGHTS,2,1,1,1
2024,10,WOODBOURNE-MCCABE,1,1,0,0
2024,10,WOODMERE,3,4,-1,1
2024,10,WYNDHURST,1,1,0,0
2024,10,YALE HEIGHTS,2,5,-3,3
2024,11,ALLENDALE,3,4,-1,1
2024,11,ARCADIA,2,2,0,0
2024,11,ARLINGTON,2,4,-2,2
2024,11,ARMISTEAD GARDENS,3,4,-1,1
2024,11,ASHBURTON,2,1,1,1
2024,11,BALTIMORE HIGHLANDS,4,4,0,0
2024,11,BARCLAY,4,1,3,3
2024,11,BAYVIEW,1,5,-4,4
2024,11,BEECHFIELD,2,3,-1,1
2024,11,BELAIR-EDISON,15,16,-1,1
2024,11,BELVEDERE,2,2,0,0
2024,11,BEREA,3,8,-5,5
2024,11,BETTER WAVERLY,5,5,0,0
2024,11,BEVERLY HILLS,1,1,0,0
2024,11,BIDDLE STREET,2,2,0,0
2024,11,BOLTON HILL,3,6,-3,3
2024,11,BOYD-BOOTH,2,1,1,1
2024,11,BREWERS HILL,2,2,0,0
2024,11,BRIDGEVIEW/GREENLAWN,2,2,0,0
2024,11,BROADWAY EAST,4,10,-6,6
2024,11,BROOKLYN,15,8,7,7
2024,11,CALLAWAY-GARRISON,2,1,1,1
2024,11,CAMERON VILLAGE,2,3,-1,1
2024,11,CANTON,7,11,-4,4
2024,11,CANTON INDUSTRIAL AREA,6,2,4,4
2024,11,CARE,3,2,1,1
2024,11,CARROLL - CAMDEN INDUSTRIAL AREA,3,1,2,2
2024,11,CARROLL-SOUTH HILTON,2,1,1,1
2024,11,CARROLLTON RIDGE,3,3,0,0
2024,11,CEDMONT,3,3,0,0
2024,11,CENTRAL FOREST PARK,2,1,1,1
2024,11,CENTRAL PARK HEIGHTS,7,17,-10,10
2024,11,CHARLES NORTH,2,6,-4,4
2024,11,CHARLES VILLAGE,3,7,-4,4
2024,11,CHERRY HILL,3,16,-13,13
2024,11,CHESWOLDE,2,1,1,1
2024,11,CHINQUAPIN PARK,2,1,1,1
2024,11,COLDSTREAM HOMESTEAD MONTEBELLO,10,7,3,3
2024,11,CONCERNED CITIZENS OF FOREST PARK,2,1,1,1
2024,11,COPPIN HEIGHTS/ASH-CO-EAST,2,2,0,0
2024,11,CROSS COUNTRY,2,1,1,1
2024,11,CURTIS BAY,4,7,-3,3
2024,11,CYLBURN,2,3,-1,1
2024,11,DICKEYVILLE,1,1,0,0
2024,11,DOLFIELD,3,1,2,2
2024,11,DORCHESTER,2,2,0,0
2024,11,DOWNTOWN,25,36,-11,11
2024,11,DRUID HEIGHTS,2,4,-2,2
2024,11,DUNBAR-BROADWAY,3,4,-1,1
2024,11,EAST ARLINGTON,2,2,0,0
2024,11,EAST BALTIMORE MIDWAY,3,6,-3,3
2024,11,EDGEWOOD,2,4,-2,2
2024,11,EDMONDSON VILLAGE,3,2,1,1
2024,11,EDNOR GARDENS-LAKESIDE,4,4,0,0
2024,11,ELLWOOD PARK/MONUMENT,4,4,0,0
2024,11,EVERGREEN LAWN,2,2,0,0
2024,11,EVESHAM PARK,1,1,0,0
2024,11,FALLSTAFF,2,1,1,1
2024,11,FEDERAL HILL,4,4,0,0
2024,11,FELLS POINT,7,11,-4,4
2024,11,FOUR BY FOUR,2,2,0,0
2024,11,FRANKFORD,12,13,-1,1
2024,11,FRANKLIN SQUARE,4,4,0,0
2024,11,FRANKLINTOWN,2,1,1,1
2024,11,FRANKLINTOWN ROAD,2,4,-2,2
2024,11,GAY STREET,4,6,-2,2
2024,11,GLEN,4,7,-3,3
2024,11,GLEN OAKS,3,9,-6,6
2024,11,GRACELAND PARK,2,10,-8,8
2024,11,GREEKTOWN,4,2,2,2
2024,11,GREENSPRING,3,1,2,2
2024,11,GUILFORD,3,5,-2,2
2024,11,HAMILTON HILLS,7,2,5,5
2024,11,HAMPDEN,7,12,-5,5
2024,11,HANLON-LONGWOOD,3,2,1,1
2024,11,HARLEM PARK,5,3,2,2
2024,11,HAWKINS POINT,1,1,0,0
2024,11,HERITAGE CROSSING,2,1,1,1
2024,11,HIGHLANDTOWN,3,3,0,0
2024,11,HILLEN,2,2,0,0
2024,11,HOLABIRD INDUSTRIAL PARK,1,1,0,0
2024,11,HOLLINS MARKET,2,4,-2,2
2024,11,HOMELAND,2,2,0,0
2024,11,HOPKINS BAYVIEW,1,1,0,0
2024,11,HOWARD PARK,3,3,0,0
2024,11,HUNTING RIDGE,2,2,0,0
2024,11,INNER HARBOR,7,13,-6,6
2024,11,IRVINGTON,4,3,1,1
2024,11,JOHNS HOPKINS HOMEWOOD,2,1,1,1
2024,11,JOHNSTON SQUARE,2,2,0,0
2024,11,JONESTOWN,3,2,1,1
2024,11,KERNEWOOD,1,1,0,0
2024,11,KESWICK,1,1,0,0
2024,11,KRESSON,2,2,0,0
2024,11,LAKELAND,4,7,-3,3
2024,11,LANGSTON HUGHES,2,1,1,1
2024,11,LAURAVILLE,2,3,-1,1
2024,11,LEVINDALE,2,1,1,1
2024,11,LIBERTY SQUARE,2,3,-1,1
2024,11,LITTLE ITALY,2,1,1,1
2024,11,LOCH RAVEN,3,6,-3,3
2024,11,LOCUST POINT,2,1,1,1
2024,11,LOCUST POINT INDUSTRIAL AREA,2,2,0,0
2024,11,LOYOLA/NOTRE DAME,1,1,0,0
2024,11,MADISON PARK,2,5,-3,3
2024,11,MADISON-EASTEND,2,2,0,0
2024,11,MCELDERRY PARK,4,6,-2,2
2024,11,MEDFIELD,2,2,0,0
2024,11,MEDFORD,2,2,0,0
2024,11,MID-GOVANS,1,3,-2,2
2024,11,MID-TOWN BELVEDERE,5,7,-2,2
2024,11,MIDDLE EAST,2,4,-2,2
2024,11,MIDTOWN-EDMONDSON,2,2,0,0
2024,11,MILLHILL,3,6,-3,3
2024,11,MILTON-MONTFORD,2,2,0,0
2024,11,MONDAWMIN,8,8,0,0
2024,11,MORRELL PARK,5,2,3,3
2024,11,MOUNT HOLLY,2,1,1,1
2024,11,MOUNT VERNON,7,14,-7,7
2024,11,MOUNT WASHINGTON,2,5,-3,3
2024,11,NEW NORTHWOOD,4,6,-2,2
2024,11,NORTH HARFORD ROAD,3,5,-2,2
2024,11,NORTH ROLAND PARK/POPLAR HILL,2,2,0,0
2024,11,O'DONNELL HEIGHTS,1,1,0,0
2024,11,OAKLEE,1,2,-1,1
2024,11,OLD GOUCHER,2,2,0,0
2024,11,OLDTOWN,5,6,-1,1
2024,11,OLIVER,5,8,-3,3
2024,11,ORANGEVILLE,2,1,1,1
2024,11,ORANGEVILLE INDUSTRIAL AREA,1,2,-1,1
2024,11,ORIGINAL NORTHWOOD,2,1,1,1
2024,11,OTTERBEIN,2,2,0,0
2024,11,PANWAY/BRADDISH AVENUE,1,3,-2,2
2024,11,PARK CIRCLE,2,7,-5,5
2024,11,PARKLANE,1,2,-1,1
2024,11,PARKSIDE,2,2,0,0
2024,11,PATTERSON PARK,6,2,4,4
2024,11,PEN LUCY,2,1,1,1
2024,11,PENN NORTH,4,4,0,0
2024,11,PENN-FALLSWAY,2,1,1,1
2024,11,PENROSE/FAYETTE STREET OUTREACH,4,4,0,0
2024,11,PERRING LOCH,4,1,3,3
2024,11,PLEASANT VIEW GARDENS,1,2,-1,1
2024,11,POPPLETON,2,5,-3,3
2024,11,PULASKI INDUSTRIAL AREA,5,4,1,1
2024,11,RAMBLEWOOD,1,2,-1,1
2024,11,REISTERSTOWN STATION,4,4,0,0
2024,11,REMINGTON,2,1,1,1
2024,11,RESERVOIR HILL,4,3,1,1
2024,11,RIDGELY'S DELIGHT,1,1,0,0
2024,11,RIVERSIDE,3,3,0,0
2024,11,ROGNEL HEIGHTS,2,1,1,1
2024,11,ROLAND PARK,2,5,-3,3
2024,11,ROSEBANK,2,2,0,0
2024,11,ROSEMONT,4,2,2,2
2024,11,ROSEMONT HOMEOWNERS/TENANTS,3,1,2,2
2024,11,SAINT AGNES,1,1,0,0
2024,11,SAINT JOSEPHS,2,2,0,0
2024,11,SANDTOWN-WINCHESTER,9,3,6,6
2024,11,SETON BUSINESS PARK,2,1,1,1
2024,11,SETON HILL,2,3,-1,1
2024,11,SHIPLEY HILL,2,1,1,1
2024,11,SOUTH BALTIMORE,3,1,2,2
2024,11,UNION SQUARE,2,3,-1,1
2024,11,UNIVERSITY OF MARYLAND,2,5,-3,3
2024,11,UPLANDS,2,1,1,1
2024,11,UPPER FELLS POINT,3,1,2,2
2024,11,UPTON,7,8,-1,1
2024,11,VIOLETVILLE,4,3,1,1
2024,11,WAKEFIELD,2,2,0,0
2024,11,WALBROOK,3,5,-2,2
2024,11,WALTHERSON,4,6,-2,2
2024,11,WASHINGTON HILL,4,7,-3,3
2024,11,WASHINGTON VILLAGE/PIGTOWN,8,4,4,4
2024,11,WAVERLY,2,2,0,0
2024,11,WEST FOREST PARK,3,1,2,2
2024,11,WESTFIELD,2,6,-4,4
2024,11,WILHELM PARK,1,1,0,0
2024,11,WINCHESTER,2,1,1,1
2024,11,WINDSOR HILLS,2,2,0,0
2024,11,WINSTON-GOVANS,3,1,2,2
2024,11,WOODBERRY,2,4,-2,2
2024,11,WOODBOURNE HEIGHTS,2,1,1,1
2024,11,WOODMERE,3,2,1,1
2024,11,WYMAN PARK,2,2,0,0
2024,11,WYNDHURST,1,1,0,0
2024,11,YORK-HOMELAND,1,1,0,0
2024,12,ABELL,2,1,1,1
2024,12,ALLENDALE,3,8,-5,5
2024,12,ARCADIA,2,1,1,1
2024,12,ARLINGTON,2,2,0,0
2024,12,ARMISTEAD GARDENS,3,5,-2,2
2024,12,ASHBURTON,2,1,1,1
2024,12,BALTIMORE HIGHLANDS,4,4,0,0
2024,12,BARCLAY,4,3,1,1
2024,12,BAYVIEW,1,3,-2,2
2024,12,BEECHFIELD,2,3,-1,1
2024,12,BELAIR-EDISON,15,16,-1,1
2024,12,BELVEDERE,2,2,0,0
2024,12,BEREA,3,6,-3,3
2024,12,BETTER WAVERLY,5,3,2,2
2024,12,BIDDLE STREET,2,2,0,0
2024,12,BOLTON HILL,3,4,-1,1
2024,12,BOYD-BOOTH,2,1,1,1
2024,12,BRIDGEVIEW/GREENLAWN,2,2,0,0
2024,12,BROADWAY EAST,3,10,-7,7
2024,12,BROENING MANOR,2,1,1,1
2024,12,BROOKLYN,14,18,-4,4
2024,12,CALLAWAY-GARRISON,2,1,1,1
2024,12,CAMERON VILLAGE,2,1,1,1
2024,12,CANTON,6,6,0,0
2024,12,CANTON INDUSTRIAL AREA,5,8,-3,3
2024,12,CARE,3,1,2,2
2024,12,CARROLL - CAMDEN INDUSTRIAL AREA,3,1,2,2
2024,12,CARROLL-SOUTH HILTON,2,6,-4,4
2024,12,CARROLLTON RIDGE,3,6,-3,3
2024,12,CEDMONT,3,3,0,0
2024,12,CEDONIA,2,1,1,1
2024,12,CENTRAL FOREST PARK,2,2,0,0
2024,12,CENTRAL PARK HEIGHTS,6,8,-2,2
2024,12,CHARLES NORTH,2,3,-1,1
2024,12,CHARLES VILLAGE,3,2,1,1
2024,12,CHERRY HILL,3,11,-8,8
2024,12,CHESWOLDE,2,3,-1,1
2024,12,CHINQUAPIN PARK,1,1,0,0
2024,12,COLDSPRING,1,2,-1,1
2024,12,COLDSTREAM HOMESTEAD MONTEBELLO,10,7,3,3
2024,12,CONCERNED CITIZENS OF FOREST PARK,2,1,1,1
2024,12,COPPIN HEIGHTS/ASH-CO-EAST,2,3,-1,1
2024,12,CROSS KEYS,1,3,-2,2
2024,12,CURTIS BAY,4,5,-1,1
2024,12,DICKEYVILLE,1,1,0,0
2024,12,DORCHESTER,2,3,-1,1
2024,12,DOWNTOWN,24,22,2,2
2024,12,DOWNTOWN WEST,2,1,1,1
2024,12,DRUID HEIGHTS,2,4,-2,2
2024,12,DUNBAR-BROADWAY,3,3,0,0
2024,12,EAST ARLINGTON,2,3,-1,1
2024,12,EAST BALTIMORE MIDWAY,3,8,-5,5
2024,12,EASTERWOOD,2,4,-2,2
2024,12,EASTWOOD,1,1,0,0
2024,12,EDGEWOOD,2,1,1,1
2024,12,EDMONDSON VILLAGE,3,3,0,0
2024,12,ELLWOOD PARK/MONUMENT,4,2,2,2
2024,12,EVERGREEN LAWN,2,1,1,1
2024,12,EVESHAM PARK,1,1,0,0
2024,12,FAIRFIELD AREA,2,1,1,1
2024,12,FALLSTAFF,2,2,0,0
2024,12,FEDERAL HILL,3,6,-3,3
2024,12,FELLS POINT,6,9,-3,3
2024,12,FOREST PARK,2,4,-2,2
2024,12,FRANKFORD,11,20,-9,9
2024,12,FRANKLIN SQUARE,4,1,3,3
2024,12,FRANKLINTOWN,2,2,0,0
2024,12,FRANKLINTOWN ROAD,2,2,0,0
2024,12,GARWYN OAKS,1,1,0,0
2024,12,GAY STREET,3,5,-2,2
2024,12,GLEN,4,4,0,0
2024,12,GLEN OAKS,3,2,1,1
2024,12,GRACELAND PARK,2,2,0,0
2024,12,GREEKTOWN,3,7,-4,4
2024,12,GREENMOUNT WEST,2,4,-2,2
2024,12,GREENSPRING,3,2,1,1
2024,12,GROVE PARK,2,2,0,0
2024,12,GUILFORD,3,9,-6,6
2024,12,GWYNNS FALLS,2,1,1,1
2024,12,HAMILTON HILLS,7,3,4,4
2024,12,HAMPDEN,6,7,-1,1
2024,12,HANLON-LONGWOOD,3,3,0,0
2024,12,HARLEM PARK,5,5,0,0
2024,12,HARWOOD,2,1,1,1
2024,12,HERITAGE CROSSING,2,2,0,0
2024,12,HIGHLANDTOWN,3,6,-3,3
2024,12,HILLEN,2,2,0,0
2024,12,HOLABIRD INDUSTRIAL PARK,1,1,0,0
2024,12,HOLLINS MARKET,2,3,-1,1
2024,12,HOMELAND,2,1,1,1
2024,12,HOWARD PARK,3,1,2,2
2024,12,IDLEWOOD,2,3,-1,1
2024,12,INNER HARBOR,6,13,-7,7
2024,12,IRVINGTON,3,3,0,0
2024,12,JOHNSTON SQUARE,2,3,-1,1
2024,12,JONES FALLS AREA,1,1,0,0
2024,12,JONESTOWN,3,2,1,1
2024,12,KENILWORTH PARK,1,1,0,0
2024,12,KESWICK,1,1,0,0
2024,12,KRESSON,2,1,1,1
2024,12,LAKE WALKER,2,1,1,1
2024,12,LAKELAND,4,8,-4,4
2024,12,LANGSTON HUGHES,2,2,0,0
2024,12,LAURAVILLE,2,2,0,0
2024,12,LEVINDALE,2,1,1,1
2024,12,LIBERTY SQUARE,2,3,-1,1
2024,12,LITTLE ITALY,2,2,0,0
2024,12,LOCH RAVEN,3,3,0,0
2024,12,LOCUST POINT,2,1,1,1
2024,12,LUCILLE PARK,1,1,0,0
2024,12,MADISON PARK,2,3,-1,1
2024,12,MADISON-EASTEND,2,1,1,1
2024,12,MAYFIELD,1,2,-1,1
2024,12,MCELDERRY PARK,3,2,1,1
2024,12,MEDFIELD,2,3,-1,1
2024,12,MID-GOVANS,1,2,-1,1
2024,12,MID-TOWN BELVEDERE,4,2,2,2
2024,12,MIDDLE EAST,2,3,-1,1
2024,12,MIDTOWN-EDMONDSON,2,1,1,1
2024,12,MILLHILL,3,4,-1,1
2024,12,MILTON-MONTFORD,2,1,1,1
2024,12,MONDAWMIN,7,10,-3,3
2024,12,MONTEBELLO,1,1,0,0
2024,12,MORAVIA-WALTHER,1,1,0,0
2024,12,MORRELL PARK,5,7,-2,2
2024,12,MOSHER,2,1,1,1
2024,12,MOUNT HOLLY,2,2,0,0
2024,12,MOUNT VERNON,6,7,-1,1
2024,12,MOUNT WASHINGTON,2,1,1,1
2024,12,NEW NORTHWOOD,4,3,1,1
2024,12,NORTH HARFORD ROAD,3,3,0,0
2024,12,NORTH ROLAND PARK/POPLAR HILL,2,2,0,0
2024,12,O'DONNELL HEIGHTS,1,2,-1,1
2024,12,OAKLEE,1,1,0,0
2024,12,OLD GOUCHER,2,2,0,0
2024,12,OLDTOWN,4,5,-1,1
2024,12,OLIVER,4,7,-3,3
2024,12,ORANGEVILLE,2,1,1,1
2024,12,ORCHARD RIDGE,1,1,0,0
2024,12,PARK CIRCLE,2,7,-5,5
2024,12,PEN LUCY,2,3,-1,1
2024,12,PENN NORTH,4,6,-2,2
2024,12,PENROSE/FAYETTE STREET OUTREACH,4,5,-1,1
2024,12,PERRING LOCH,3,1,2,2
2024,12,PIMLICO GOOD NEIGHBORS,2,1,1,1
2024,12,PLEASANT VIEW GARDENS,1,1,0,0
2024,12,POPPLETON,2,3,-1,1
2024,12,PULASKI INDUSTRIAL AREA,5,6,-1,1
2024,12,PURNELL,1,1,0,0
2024,12,RADNOR-WINSTON,2,3,-1,1
2024,12,REISTERSTOWN STATION,3,6,-3,3
2024,12,REMINGTON,2,2,0,0
2024,12,RESERVOIR HILL,3,5,-2,2
2024,12,RIDGELY'S DELIGHT,1,1,0,0
2024,12,RIVERSIDE,3,3,0,0
2024,12,ROGNEL HEIGHTS,2,1,1,1
2024,12,ROSEBANK,2,1,1,1
2024,12,ROSEMONT,4,3,1,1
2024,12,ROSEMONT EAST,2,4,-2,2
2024,12,ROSEMONT HOMEOWNERS/TENANTS,3,1,2,2
2024,12,SAINT AGNES,1,2,-1,1
2024,12,SAINT HELENA,1,1,0,0
2024,12,SAINT JOSEPHS,2,3,-1,1
2024,12,SANDTOWN-WINCHESTER,9,11,-2,2
2024,12,SETON BUSINESS PARK,2,1,1,1
2024,12,SETON HILL,2,1,1,1
2024,12,SHARP-LEADENHALL,2,1,1,1
2024,12,SHIPLEY HILL,2,1,1,1
2024,12,SOUTH BALTIMORE,3,5,-2,2
2024,12,SOUTH CLIFTON PARK,2,1,1,1
2024,12,TEN HILLS,1,1,0,0
2024,12,TOWANDA-GRANTLEY,1,2,-1,1
2024,12,TUSCANY-CANTERBURY,1,1,0,0
2024,12,UNION SQUARE,2,2,0,0
2024,12,UNIVERSITY OF MARYLAND,2,2,0,0
2024,12,UPLANDS,2,2,0,0
2024,12,UPPER FELLS POINT,3,6,-3,3
2024,12,UPTON,7,13,-6,6
2024,12,VIOLETVILLE,4,10,-6,6
2024,12,WALBROOK,3,1,2,2
2024,12,WALTHERSON,4,3,1,1
2024,12,WASHINGTON HILL,3,5,-2,2
2024,12,WASHINGTON VILLAGE/PIGTOWN,7,8,-1,1
2024,12,WEST ARLINGTON,2,2,0,0
2024,12,WEST FOREST PARK,3,1,2,2
2024,12,WESTFIELD,2,2,0,0
2024,12,WESTPORT,2,1,1,1
2024,12,WILSON PARK,1,2,-1,1
2024,12,WINDSOR HILLS,2,2,0,0
2024,12,WINSTON-GOVANS,2,1,1,1
2024,12,WOODMERE,3,4,-1,1
2024,12,WYNDHURST,1,1,0,0
2024,12,YALE HEIGHTS,2,2,0,0
2024,13,ABELL,2,4,-2,2
2024,13,ALLENDALE,3,5,-2,2
2024,13,ARLINGTON,2,6,-4,4
2024,13,ARMISTEAD GARDENS,3,4,-1,1
2024,13,ASHBURTON,2,1,1,1
2024,13,BALTIMORE HIGHLANDS,4,5,-1,1
2024,13,BARCLAY,4,2,2,2
2024,13,BARRE CIRCLE,1,2,-1,1
2024,13,BAYVIEW,1,1,0,0
2024,13,BEECHFIELD,2,1,1,1
2024,13,BELAIR-EDISON,15,11,4,4
2024,13,BEREA,3,5,-2,2
2024,13,BETTER WAVERLY,5,9,-4,4
2024,13,BIDDLE STREET,2,2,0,0
2024,13,BOLTON HILL,3,3,0,0
2024,13,BREWERS HILL,2,1,1,1
2024,13,BRIDGEVIEW/GREENLAWN,2,1,1,1
2024,13,BROADWAY EAST,3,7,-4,4
2024,13,BROENING MANOR,2,2,0,0
2024,13,BROOKLYN,15,15,0,0
2024,13,CALLAWAY-GARRISON,2,1,1,1
2024,13,CAMERON VILLAGE,2,4,-2,2
2024,13,CANTON,6,14,-8,8
2024,13,CANTON INDUSTRIAL AREA,4,7,-3,3
2024,13,CARE,3,1,2,2
2024,13,CARROLL - CAMDEN INDUSTRIAL AREA,3,4,-1,1
2024,13,CARROLL-SOUTH HILTON,2,3,-1,1
2024,13,CARROLLTON RIDGE,3,5,-2,2
2024,13,CEDMONT,2,3,-1,1
2024,13,CEDONIA,2,3,-1,1
2024,13,CENTRAL FOREST PARK,2,2,0,0
2024,13,CENTRAL PARK HEIGHTS,6,12,-6,6
2024,13,CHARLES NORTH,2,3,-1,1
2024,13,CHARLES VILLAGE,3,6,-3,3
2024,13,CHERRY HILL,3,7,-4,4
2024,13,CHESWOLDE,2,5,-3,3
2024,13,COLDSTREAM HOMESTEAD MONTEBELLO,10,4,6,6
2024,13,CONCERNED CITIZENS OF FOREST PARK,2,1,1,1
2024,13,CROSS COUNTRY,2,1,1,1
2024,13,CURTIS BAY,4,6,-2,2
2024,13,CYLBURN,2,3,-1,1
2024,13,DOLFIELD,3,6,-3,3
2024,13,DORCHESTER,2,1,1,1
2024,13,DOWNTOWN,24,25,-1,1
2024,13,DOWNTOWN WEST,2,6,-4,4
2024,13,DRUID HEIGHTS,2,1,1,1
2024,13,DUNBAR-BROADWAY,3,5,-2,2
2024,13,EAST ARLINGTON,2,1,1,1
2024,13,EAST BALTIMORE MIDWAY,3,8,-5,5
2024,13,EASTERWOOD,2,1,1,1
2024,13,EDMONDSON VILLAGE,3,1,2,2
2024,13,EDNOR GARDENS-LAKESIDE,4,10,-6,6
2024,13,ELLWOOD PARK/MONUMENT,4,2,2,2
2024,13,EVERGREEN LAWN,2,1,1,1
2024,13,FAIRFIELD AREA,2,2,0,0
2024,13,FALLSTAFF,2,4,-2,2
2024,13,FEDERAL HILL,3,10,-7,7
2024,13,FELLS POINT,6,8,-2,2
2024,13,FOREST PARK,2,6,-4,4
2024,13,FOREST PARK GOLF COURSE,1,1,0,0
2024,13,FOUR BY FOUR,2,1,1,1
2024,13,FRANKFORD,11,13,-2,2
2024,13,FRANKLIN SQUARE,4,5,-1,1
2024,13,FRANKLINTOWN,2,3,-1,1
2024,13,FRANKLINTOWN ROAD,2,1,1,1
2024,13,GAY STREET,3,7,-4,4
2024,13,GLEN,4,8,-4,4
2024,13,GLEN OAKS,3,2,1,1
2024,13,GREEKTOWN,3,5,-2,2
2024,13,GREENMOUNT WEST,2,2,0,0
2024,13,GREENSPRING,3,2,1,1
2024,13,GROVE PARK,2,2,0,0
2024,13,GWYNNS FALLS,2,2,0,0
2024,13,HAMILTON HILLS,7,10,-3,3
2024,13,HAMPDEN,6,10,-4,4
2024,13,HANLON-LONGWOOD,3,1,2,2
2024,13,HARLEM PARK,5,2,3,3
2024,13,HARWOOD,2,1,1,1
2024,13,HERITAGE CROSSING,2,1,1,1
2024,13,HIGHLANDTOWN,3,6,-3,3
2024,13,HILLEN,2,1,1,1
2024,13,HOES HEIGHTS,1,2,-1,1
2024,13,HOLLINS MARKET,2,10,-8,8
2024,13,HOMELAND,2,1,1,1
2024,13,HOWARD PARK,3,2,1,1
2024,13,HUNTING RIDGE,2,1,1,1
2024,13,IDLEWOOD,2,5,-3,3
2024,13,INNER HARBOR,6,14,-8,8
2024,13,IRVINGTON,3,1,2,2
2024,13,JOHNS HOPKINS HOMEWOOD,2,1,1,1
2024,13,JOHNSTON SQUARE,2,2,0,0
2024,13,JONES FALLS AREA,1,1,0,0
2024,13,JONESTOWN,3,3,0,0
2024,13,KENILWORTH PARK,1,1,0,0
2024,13,KRESSON,2,1,1,1
2024,13,LAKE WALKER,2,1,1,1
2024,13,LAKELAND,4,6,-2,2
2024,13,LANGSTON HUGHES,2,1,1,1
2024,13,LAURAVILLE,2,5,-3,3
2024,13,LEVINDALE,2,1,1,1
2024,13,LIBERTY SQUARE,2,3,-1,1
2024,13,LITTLE ITALY,2,1,1,1
2024,13,LOCH RAVEN,3,5,-2,2
2024,13,LOCUST POINT INDUSTRIAL AREA,2,4,-2,2
2024,13,LOYOLA/NOTRE DAME,1,1,0,0
2024,13,LUCILLE PARK,1,1,0,0
2024,13,MADISON PARK,2,2,0,0
2024,13,MADISON-EASTEND,2,4,-2,2
2024,13,MAYFIELD,1,2,-1,1
2024,13,MCELDERRY PARK,3,5,-2,2
2024,13,MEDFIELD,2,3,-1,1
2024,13,MEDFORD,1,1,0,0
2024,13,MID-GOVANS,1,1,0,0
2024,13,MID-TOWN BELVEDERE,4,5,-1,1
2024,13,MIDDLE EAST,2,6,-4,4
2024,13,MIDTOWN-EDMONDSON,2,2,0,0
2024,13,MILLHILL,3,4,-1,1
2024,13,MILTON-MONTFORD,2,2,0,0
2024,13,MONDAWMIN,7,8,-1,1
2024,13,MORAVIA-WALTHER,1,2,-1,1
2024,13,MORGAN PARK,1,1,0,0
2024,13,MORRELL PARK,5,8,-3,3
2024,13,MOUNT HOLLY,2,1,1,1
2024,13,MOUNT VERNON,6,7,-1,1
2024,13,NEW NORTHWOOD,4,7,-3,3
2024,13,NORTH HARFORD ROAD,3,4,-1,1
2024,13,NORTHWEST COMMUNITY ACTION,2,2,0,0
2024,13,O'DONNELL HEIGHTS,1,1,0,0
2024,13,OAKENSHAWE,1,1,0,0
2024,13,OLD GOUCHER,2,2,0,0
2024,13,OLDTOWN,4,7,-3,3
2024,13,OLIVER,4,6,-2,2
2024,13,ORANGEVILLE,2,1,1,1
2024,13,ORCHARD RIDGE,1,1,0,0
2024,13,ORIGINAL NORTHWOOD,2,4,-2,2
2024,13,OVERLEA,1,1,0,0
2024,13,PARK CIRCLE,2,8,-6,6
2024,13,PARKLANE,1,1,0,0
2024,13,PARKSIDE,2,1,1,1
2024,13,PATTERSON PLACE,2,2,0,0
2024,13,PEN LUCY,2,1,1,1
2024,13,PENN NORTH,4,1,3,3
2024,13,PENN-FALLSWAY,2,1,1,1
2024,13,PENROSE/FAYETTE STREET OUTREACH,4,3,1,1
2024,13,PERRING LOCH,3,2,1,1
2024,13,PIMLICO GOOD NEIGHBORS,2,2,0,0
2024,13,PLEASANT VIEW GARDENS,1,3,-2,2
2024,13,POPPLETON,2,3,-1,1
2024,13,PULASKI INDUSTRIAL AREA,4,6,-2,2
2024,13,PURNELL,1,2,-1,1
2024,13,RAMBLEWOOD,1,2,-1,1
2024,13,REISTERSTOWN STATION,3,10,-7,7
2024,13,REMINGTON,2,1,1,1
2024,13,RESERVOIR HILL,3,5,-2,2
2024,13,RICHNOR SPRINGS,1,1,0,0
2024,13,RIDGELY'S DELIGHT,1,5,-4,4
2024,13,RIVERSIDE,3,8,-5,5
2024,13,ROGNEL HEIGHTS,2,3,-1,1
2024,13,ROLAND PARK,2,1,1,1
2024,13,ROSEBANK,2,2,0,0
2024,13,ROSEMONT,4,5,-1,1
2024,13,SAINT AGNES,1,5,-4,4
2024,13,SANDTOWN-WINCHESTER,9,10,-1,1
2024,13,SETON BUSINESS PARK,2,1,1,1
2024,13,SETON HILL,2,1,1,1
2024,13,SHARP-LEADENHALL,2,2,0,0
2024,13,SHIPLEY HILL,2,4,-2,2
2024,13,SOUTH BALTIMORE,3,2,1,1
2024,13,STONEWOOD-PENTWOOD-WINSTON,1,1,0,0
2024,13,TEN HILLS,1,1,0,0
2024,13,TOWANDA-GRANTLEY,1,2,-1,1
2024,13,TUSCANY-CANTERBURY,1,1,0,0
2024,13,UNION SQUARE,2,1,1,1
2024,13,UNIVERSITY OF MARYLAND,2,4,-2,2
2024,13,UPPER FELLS POINT,3,1,2,2
2024,13,UPTON,7,7,0,0
2024,13,VIOLETVILLE,4,1,3,3
2024,13,WAKEFIELD,2,1,1,1
2024,13,WALBROOK,3,5,-2,2
2024,13,WALTHERSON,4,3,1,1
2024,13,WASHINGTON HILL,3,9,-6,6
2024,13,WASHINGTON VILLAGE/PIGTOWN,7,8,-1,1
2024,13,WAVERLY,2,3,-1,1
2024,13,WEST ARLINGTON,2,1,1,1
2024,13,WEST FOREST PARK,3,2,1,1
2024,13,WESTFIELD,2,5,-3,3
2024,13,WESTPORT,2,1,1,1
2024,13,WILSON PARK,1,2,-1,1
2024,13,WINCHESTER,2,2,0,0
2024,13,WINDSOR HILLS,2,1,1,1
2024,13,WOODBERRY,2,1,1,1
2024,13,WOODBOURNE HEIGHTS,2,3,-1,1
2024,13,WOODBOURNE-MCCABE,1,1,0,0
2024,13,WOODMERE,3,2,1,1
2024,13,WYMAN PARK,2,4,-2,2
2024,13,YALE HEIGHTS,2,1,1,1
